 -0.536305347211504       0.785133061302991      -0.309746106676649     
 -0.607028336684309      -0.613783002292679      -0.504764325758930     
 -0.586424055624111      -8.268314305575708E-002  0.805773122435708     
 -0.686928059725561      -0.214993721442312       0.694195606801182     
 -0.648626636752684       0.612175301029772      -0.452244277911851     
 -0.327739724257799      -0.760933046035914      -0.559971046210362     
  0.610680065361006      -0.442282247820392       0.656853310133716     
 -0.785706685059369      -0.441773009305850       0.433014564768751     
  9.866540844538893E-002 -0.780527399590684      -0.617286088993191     
  0.626953651749799      -0.766130687134574       0.141325471123562     
 -0.774409413322197      -0.632658200958668       5.801837442772989E-003
  8.496575260399426E-002 -0.113081258351886      -0.989946185352512     
  0.878896907170158       0.385328472425035       0.281180004455011     
  0.462105004510387      -0.541572918188630      -0.702251905722660     
 -0.118318178540690       0.747141715220908      -0.654048978291055     
  0.313453626201609      -0.465075508541814      -0.827920041776762     
  0.630670718865099       0.753764329446589      -0.184645010818364     
  0.709930467431312      -0.464267279709122       0.529579667665074     
 -0.270854033636198      -0.716745802100268       0.642583494679598     
  0.962585173175666      -0.195951303343828       0.187170700432062     
 -8.238740521147911E-003  0.669237283696521       0.743003082944564     
 -0.719082520482317      -0.322290891097892       0.615669481338912     
  0.477603818710020       0.414351016028042       0.774730809939902     
 -0.504791958226759       0.851141478857573      -0.144025212646045     
  6.459998921464505E-002  0.278174341487312       0.958355819688892     
  0.911665141578874      -0.407005430095517       5.668553168785734E-002
  0.405824483026147       0.870037709303950      -0.279894396810112     
  0.632547561537114      -0.481169949789468       0.606925911304710     
 -0.551055818477333      -0.830240446773330      -8.389449006877153E-002
  0.544261947333936      -0.281382799689717      -0.790318070603885     
  0.313705021088454       0.489447311760327      -0.813652560221181     
  0.158247278896683       0.817974742808675       0.553059778730002     
  0.936240865624700      -0.302255933171992       0.179149078693250     
  0.684817236995098       0.380628041562687       0.621407793554726     
  0.358628431875950      -0.918366280622412       0.167299200434295     
  0.634358731132943       0.108285126365123      -0.765417096518945     
 -0.499952301580218       0.834067404121096       0.233193613821947     
  0.431919022226516       0.473512851822921      -0.767614185250257     
 -0.750662143965934      -0.283049720970047      -0.596983417755674     
  0.255589558229244      -0.115850399158434      -0.959819078128275     
  0.509789364426716      -0.827404560253015       0.235619391370743     
 -0.821455282800947      -0.549527413954342      -0.152416664676370     
  0.617442054362994       0.592221061584877      -0.517725336176710     
  0.725992035983217      -0.175655392931461       0.664891529967887     
  0.302821520359682      -0.786396463082951      -0.538404800923688     
  0.447201719537153       0.891300165119004       7.479731079290695E-002
 -0.598574553221942       0.360367919679408      -0.715432363470572     
 -0.664619534980854       0.275170816266502       0.694666751469408     
  0.177674816263851       0.587668645624279      -0.789352407113409     
 -0.894036518758787      -0.238813927555527      -0.379033786266044     
 -0.411254620388971       0.773054636462151       0.482966009417945     
  0.714491783828587      -0.679494323099968       0.166700197109543     
  0.250380345335866       0.470814671400445       0.845956989369781     
 -0.653307870388025      -0.562690865457231       0.506525237693104     
  0.155591057313405       0.969877970632049       0.187425038259981     
 -0.905586377798414       0.215838936473813      -0.365139515593428     
 -0.394594393307921      -0.112917118208499       0.911890886666514     
  0.344914438811541       0.858353476433865      -0.379820140847242     
  0.938198776632994      -0.302944805201792       0.167354415913058     
  2.858470611484751E-002 -0.414069745930740      -0.909796218985978     
  0.326308201173024       0.458051474164054       0.826868674496357     
  0.516083495862727       0.646541459380444      -0.561820226229274     
 -0.791947462364349       0.610059823556955      -2.542102547744614E-002
 -0.279263600119219      -0.723731421208875       0.631050450917702     
 -0.672220488572610       0.616641333326275       0.409723175786769     
 -0.685661327764410      -0.309784273307371      -0.658712568287391     
 -5.685864895438590E-002 -0.830532452845932       0.554060410793625     
 -0.989659042158552      -2.631428206498786E-002 -0.141005456749807     
  0.131689309789745      -0.556348275209983      -0.820447757238678     
 -0.275910411902498       0.613364218936620       0.740039039194598     
  0.824823060615798       0.546390427021128      -0.145342423043162     
 -0.493498088426066       0.570299777474917      -0.656671760114502     
 -0.734473376583902      -0.324740531072030      -0.595896338777558     
  0.676537660231315      -0.281349782821309      -0.680543234479001     
  5.334466588310930E-002 -0.902987202116098       0.426343124063660     
 -1.489648705977494E-002 -0.997101415361458      -7.461140768980777E-002
 -0.921299421552628      -1.531069508742237E-002  0.388552388311709     
 -0.388568488840862       7.452751237037718E-002 -0.918400881630572     
 -0.144476313754899       0.148338972703786      -0.978326195060207     
  0.447315970425756       0.891699096332277       6.914581840042865E-002
  0.882629603721664      -0.427630998382234      -0.195183789943615     
  0.365504762035109      -0.428924730161610       0.826093121134324     
 -0.427350887755306      -0.865761112655461      -0.260439848234349     
  0.826908391337523      -0.257839623931950      -0.499741173675155     
 -0.463292490349279       0.413797191188769       0.783665715053459     
  0.386911200542643      -0.701116306116936       0.598945446757544     
  0.797282754912343       0.580695970247106       0.164719151461382     
  0.712190791077712       0.696261432239496       8.946672610478622E-002
  0.321904048944558      -0.437178668960438       0.839793185658874     
  0.623828550466555      -0.569293271857120      -0.535483996251066     
 -0.377454541146191      -0.619702670555802       0.688110942707733     
 -0.925689974084984       0.232423047485874      -0.298458705478532     
  2.502281452316479E-002 -0.749631994450201      -0.661381683787776     
 -0.324851405058021      -0.867128180031012       0.377571561466080     
 -0.215567503530189      -0.320828221730551      -0.922279731731634     
  0.920870357897132      -0.380996025618794      -8.270315839852570E-002
  0.109956602362492       4.180522065319484E-002 -0.993056830761983     
 -6.040016574858510E-002  0.997549632496284       3.530652466714494E-002
  0.992099473628749       5.609861168216158E-002  0.112212210533854     
  0.262117725144576      -0.952714533932771       0.153718297539027     
  0.923770800941001       0.201624758688025      -0.325568677874297     
  0.279180596556879       0.227337796059651       0.932939291159337     
  0.784835851813855       0.615609155771093       7.111999042760755E-002
 -0.262372224029622       0.434061892342364      -0.861830081671507     
 -0.561420966624306       0.657735236206004       0.502186078349113     
 -0.784685669718050       0.614352284944499      -8.270229575173751E-002
 -0.604102155272022      -0.727938092800526       0.324294185957181     
  0.139028722697266       0.304429635603050       0.942334129293724     
  0.381356410763901       0.866349138594157      -0.322500322521449     
  0.508738652192794      -0.487969632524251      -0.709274715113409     
 -0.771849902334861       0.106418080189934      -0.626835640718007     
 -0.792889897849309      -0.597782031857643       0.118246574058871     
  0.604378878872949      -0.746681336557681       0.277836557005575     
 -7.779319160947974E-002  0.291759531163221       0.953322922893721     
 -0.671849719201074       0.739650159562713       3.918668483416257E-002
 -0.738645151074556      -0.665132731311805      -0.109552683818088     
 -5.496631335177063E-002 -0.102547994600347       0.993208242615798     
 -0.322412974849107      -0.386499375787641       0.864099592734953     
  0.931210313390523       3.442834659238265E-002  0.362852643901127     
 -0.169991840639696       0.921646852903366       0.348812059208465     
 -0.570059854497609       0.214283505864452      -0.793167284628284     
 -0.597623279553596      -0.770623716848637       0.221326687875631     
 -0.563806862343631       0.600184693360995       0.567362455428096     
 -0.918859190567215      -0.392888846450861       3.655327953376974E-002
 -0.244741607919604       0.494806489308968      -0.833827370317538     
  0.309514673744378      -0.775116050970592      -0.550813738267906     
  0.730849237222095      -0.379470160986911       0.567328643179991     
  9.454155878309506E-002 -0.766908385631316      -0.634754615352446     
  0.675959529938549       0.517546060722075      -0.524618708126501     
  0.216388402563189       0.446648961160082      -0.868147893351571     
 -0.942898373695243       0.326236036745784      -6.717667162988539E-002
  0.253216737438538       0.833111489431650       0.491738273940477     
  0.301328962146015       0.358374090303708       0.883611265190183     
 -0.507516081046883       0.844794411742513      -0.169557746409404     
 -0.807234962108815      -0.397354266728836       0.436441637176804     
 -0.173458361978477       0.385211385720963      -0.906379823788394     
  0.738940863730504      -0.557506784599776      -0.378355104411762     
 -0.651059595251433      -0.735389946515558      -0.187944220434908     
 -0.540222882420411       0.831030040744383      -0.132470029402024     
  0.642534747660955       0.508992458502683       0.572778993361024     
  0.543422796133597       0.224311721868885      -0.808935050590936     
 -0.378031016884302      -0.793595386569949       0.476758757327343     
 -6.688690799747359E-002 -0.490215558103558      -0.869030982262287     
  0.923373538613685      -0.360409585066920       0.132235544313670     
 -0.499093663619792       0.820253958725937       0.279444016090884     
 -0.658978814410175      -0.149854659033018      -0.737082426411496     
 -0.562718790421232      -0.552020855005068       0.615321492023754     
  0.419893071946893      -0.486416426166542      -0.766217246273125     
  0.831186685057547      -0.132912092152148       0.539873198392720     
 -0.364442728990506      -0.863558588698594       0.348493990150253     
  0.258585872334394       0.535829674983394      -0.803753635162076     
  0.811487634573400      -0.571879287410552      -0.120174454711756     
 -0.524043095139636      -0.621160719973495      -0.582699059891537     
 -0.839704708849259      -0.483650013076502      -0.246938589101584     
  0.413713190354346      -0.864312998217542       0.286014750037533     
 -0.351763269917725       0.138006180888043       0.925860084447692     
 -0.791506368514501      -0.605476958167606      -8.315841345943190E-002
 -3.378336242857049E-002  0.179203747697113      -0.983231763743589     
  0.610226476829715      -0.775424831907912      -0.162295955083855     
  0.985765874431024       8.920784620943527E-002 -0.142504740208569     
 -7.355390721044008E-002  0.991029623343293       0.111580053728830     
  0.151180235286614      -9.951002879471207E-002  0.983484768884582     
 -0.366761416829288       0.612489972116180       0.700244312495642     
 -0.771461450264840       0.220434292069846      -0.596871806701352     
 -0.519935855544358      -0.759121042348838       0.391665608884122     
  5.090133375213320E-002  0.236331399866525       0.970338355244903     
  0.808601239173499      -0.579994747287811       9.884396352651044E-002
  0.586151081402513       0.779585506891756      -0.220620368993861     
  0.979319989758930       0.195363936607110      -5.258602411233353E-002
 -0.202222271367152       0.953188871534126      -0.224804644406226     
  6.205692683339521E-003  0.230789747295829       0.972983854913044     
  0.883424962504081      -0.263660194208923      -0.387354666441978     
 -6.538688229755665E-002  0.749214350719369      -0.659092112150919     
  0.463988029207725       0.607586338445713       0.644634741606488     
  0.732425178948751       0.679010888258838      -4.997570277478523E-002
 -0.579329235729166       0.582974293706257      -0.569665348697945     
 -0.357674424402068       0.446189630654539       0.820355910337102     
 -0.293918215890686      -0.620331659791891      -0.727186849597456     
  0.798303785181999      -0.577716148988858       0.170162033842968     
 -0.525664483232155      -0.530502293168767       0.665014411882142     
 -0.699833932727278      -0.569154476840449      -0.431619795764683     
  0.629863192039332      -0.206706399931075      -0.748695414398645     
  0.336904772773400      -0.795823878581190       0.503149608329863     
 -0.161734036696449       0.914452727698030      -0.370969419466761     
 -0.235056342594972      -0.400797118798276      -0.885499963505858     
 -0.958431331488984      -5.601676863792364E-002  0.279770449568246     
 -0.814704954678630      -0.460427542755077      -0.352508602298742     
 -0.570224991010782       0.525673166180341       0.631277420778448     
 -0.105353198569597       0.715314057061971      -0.690815824457357     
 -0.935894123906511       0.303881191785252      -0.178208894605291     
 -0.323586870292367      -0.541575413134154       0.775878604720456     
  0.139261359363089       0.783806285486245       0.605189210595000     
 -0.645788862991131      -0.345300147340786      -0.680973239329603     
  5.834297077671743E-002  0.866966309244494      -0.494939911904393     
  0.761283680501276      -0.359356684759602      -0.539731350693119     
 -0.323651082495997       0.932896654979420       0.157967743312924     
 -0.736732809752318      -0.143713117697269      -0.660735428773261     
 -0.593695834441866      -0.330227756147086       0.733808479943123     
  0.737504422939147       0.671747911987581      -6.958425745469396E-002
  0.445828525478561      -0.406880415936392       0.797298722560773     
  0.507271280494774      -0.619033981189849      -0.599560487455135     
 -0.961849862422052      -0.182388314033449       0.203910139676074     
 -0.273265358695749       0.604896837716189      -0.747947765193425     
  1.307233321039165E-002 -0.775135032510460      -0.631660348193113     
 -0.879479853096259      -0.450001345698201       0.154964437428689     
 -8.854607258389439E-003 -0.310072122238815      -0.950671801906745     
  0.475853742160426      -0.837468845916149       0.268717599333934     
 -0.435698271138244       0.880640567942980       0.186116110587479     
 -0.898551416065467      -0.437648067729622      -3.270353955265203E-002
  5.265329252656963E-002 -0.181483770364168       0.981983335846651     
  1.282526611968367E-002 -0.410241873010315       0.911886570894619     
  0.781308925711202       0.573233936133244       0.246899204270073     
 -0.624012720345480       0.709298569076646       0.327877514863183     
 -0.142649474015925      -0.503889558499671       0.851907530426857     
  0.591878600054115       0.646431613198746       0.481462243852255     
 -0.793303756678967       0.572906172328658       0.206028316856604     
  0.865121339218141      -0.146531686851965      -0.479680657498014     
  0.407901574371977       0.762059733383156       0.502873014170432     
  0.291858482923268      -0.630708670865013       0.719044642870954     
 -0.434690661933368      -0.897587266958381      -7.335616280936796E-002
  0.626006793383716      -0.242598653798581      -0.741121709176404     
  0.647425303077790      -0.368080142590306       0.667351096174519     
 -8.412464265995320E-002 -0.175012948963766       0.980965601941445     
 -0.989951017662540       0.126976284813689      -6.224151125908288E-002
 -0.113666297231135      -0.976343940827165      -0.183936081517043     
  0.241024732529912       0.687591224799754      -0.684927285109345     
 -0.939058075687541       0.343459216719950       1.434213847828033E-002
  0.245106117416306       0.639729688250039       0.728470258264956     
  0.857794692319280       0.475139397485958       0.196037799379487     
 -0.453693525725735       0.520682583435436       0.723223224199522     
  0.241558379162104      -0.709318123456380       0.662206424910614     
 -0.584481669314181       0.229542420356332       0.778261816802460     
 -0.754425690408241       0.199356118087523      -0.625379097694449     
 -0.298702286378524      -0.952663327434215       5.665270226751379E-002
 -0.778023478407814       0.282903807232308       0.560932173172185     
  0.493885651334052      -0.276396659132344       0.824428195919340     
  0.388273654079882       0.918460844388014       7.532095905863379E-002
 -0.691793928919723      -0.711705613787590      -0.122050314268517     
  0.352237310516194      -0.185052016902226      -0.917433718652599     
  0.630357071024140      -0.677665751195712       0.378707133107128     
  0.395042326524178      -0.220290350546873      -0.891859698444941     
  0.788738401408736      -0.416402578598792       0.452217455080483     
 -0.470991819883908      -0.882089028382177       9.254815515776560E-003
  0.153809492043708      -0.534791637309609       0.830867344899873     
  0.595891957787407      -0.620552553363499      -0.509732580044019     
  0.788197573455760       0.573508878028709       0.223231162745490     
 -0.849482323915965      -0.485970225017609       0.205457347765091     
 -0.526830386916233       0.760005942074478      -0.380579441684882     
  2.880147176834634E-002 -0.431536682574980      -0.901635495539166     
  0.708803870649090       0.542864444287222       0.450438972649562     
 -0.697587042715956       0.444624726919075       0.561855114817819     
  0.104734859467488      -0.712465470981480       0.693846929712500     
  0.560113847469694      -0.761387651831995       0.326437316357149     
 -0.723627550686746      -0.641504570714017      -0.254627283770072     
  0.403281100176783      -9.359876810506559E-002 -0.910276674890342     
  0.749323832447339      -2.678500218515643E-003  0.662198323588192     
  0.662121634974489      -1.271616059985150E-002 -0.749288489006944     
  1.042758961323622E-002  0.999915558882938      -7.755029250733465E-003
  0.430073990278450       0.786385860993087       0.443433918995980     
  0.902383041989594      -0.359636834211873      -0.237415654512647     
 -2.722514307728635E-002  0.502253546635784      -0.864291713761157     
  0.647594091711648       0.614711206305436      -0.450279940950829     
 -2.293688760558082E-002  0.606387911059845       0.794838097040804     
  0.761640198234793      -0.504404435114317       0.406792790336642     
  0.648918973064540       0.738665503568796       0.182421052059019     
  0.355203006028636      -8.208237263573175E-002 -0.931178451539075     
 -0.672855847046812       0.669055870566836      -0.315641016274773     
  0.325572039786786       0.945282051621474       2.108766917818888E-002
 -0.944762576211299       0.326122167731620      -3.268036573570576E-002
 -3.776931955518628E-002 -9.283027325525411E-003  0.999243365704277     
 -0.266969732052703      -0.667555110347658      -0.695052038926895     
  0.885088915569945       0.115474712782850      -0.450869384903143     
  0.381241096555616      -0.735551334276844       0.560017375570283     
 -0.129661602989258      -0.393272733450506       0.910233171135080     
 -0.388320562089349       0.864797946381110       0.318326330977548     
 -0.912356843438393      -0.312187554299307      -0.264846976897508     
 -0.277651417508990      -0.512240256582799      -0.812723575326345     
 -0.855665272558225      -0.252740901134398       0.451618177481410     
 -0.436745499911683       0.820811766746653      -0.368132329301751     
 -0.119785978213513      -0.958861643506872      -0.257362911148307     
 -0.722865185426688       0.261927753444102      -0.639421438234413     
  0.680527180295888       0.109444966019572      -0.724502971899704     
  0.417684082599167      -0.636253685967762      -0.648630290871255     
  0.383013536392521       0.770653251776541      -0.509307565687314     
  0.823917858820518      -3.570451818298759E-002  0.565583370775639     
 -0.658727363777579      -0.476403634139084       0.582338250151675     
  0.617851014464494      -0.784200651608242       5.735383110485390E-002
  0.429346461655195       0.397578816583936       0.810920896553962     
  0.299276500856770      -0.102173473807054       0.948680218664396     
 -0.947535176481981       8.519051594816045E-002  0.308090352529491     
 -0.112297218862212      -0.991112081069889      -7.131744101639589E-002
  0.454549320137761       0.519448238107023       0.723573385006530     
 -0.887120731993411       0.191040578323724       0.420143194995721     
  8.001076446188052E-002 -0.832872754603755       0.547650666217963     
  0.697719797419674       0.562717951913504      -0.443323348001118     
  0.669679556426671      -0.732107439858890       0.124691572319219     
 -0.254394135138425      -0.383884361621481      -0.887646563058541     
 -6.059279949612614E-002 -0.688679995268373       0.722529152883380     
 -0.827138698399754       0.439823329386933       0.349852844116713     
 -0.558721832631214      -0.576433259835123      -0.596284001711492     
  0.233810029543812      -0.927521495134920      -0.291610607055717     
  0.281080638225390      -0.222636078152323       0.933502464656500     
 -0.930766643632833      -0.300228334385072       0.208653785809979     
 -0.194127579758837       0.179814211344386      -0.964355397234636     
 -0.177503581129544       0.960390779145219       0.214806959894290     
  0.964783375407746       0.212876491730384      -0.154520671126552     
 -0.750694378860418      -0.660204060316316       2.426001420491382E-002
  0.426226698121647      -0.455936734297509       0.781314594850526     
 -0.504766036254115       0.596868740226839       0.623665740268244     
 -0.449111153055486      -0.852842294551827      -0.266381667583839     
  0.515911427765629      -4.116240934168042E-003 -0.856632041930140     
  0.729475545102097      -0.522152350549288       0.441839735553347     
  0.333409160033424      -0.881796219588036       0.333577216137516     
 -0.938059648813798      -0.274909398275817       0.210876546839521     
 -9.424663003598219E-002 -0.383223498574756      -0.918834763636523     
  0.773989900701366       0.619563387282831      -0.130693698206585     
  0.219940159931478      -6.950382482343488E-002  0.973034194868931     
  0.593772649809340      -0.781863432751230      -0.190062128960130     
 -0.774780275949150      -0.163399349358453      -0.610750502766385     
  0.383265839448293       0.646893901786909      -0.659268971014794     
  0.502814896668898      -0.744868399423779      -0.438575246939112     
  0.869424172188329       0.324720479690249       0.372368391360455     
 -7.640930628000538E-002  0.832985578996251      -0.547993287457144     
 -0.488122143247412       0.447986199847735       0.749029464051674     
  0.692727415508599      -0.507582567008870       0.512336476811346     
 -0.460207413153692       0.235854420747449       0.855909942162300     
 -0.555281788537282      -0.828693326799831      -7.021043680440424E-002
 -0.952659319817414      -0.170429836611357      -0.251781435291898     
 -0.150571579092947      -0.454972798124353       0.877683287146538     
 -0.264137123355424       0.874044291646323       0.407772186773447     
  0.419786333189487      -0.344865362896494       0.839551854230336     
  0.642252883680321       0.766467001959293      -6.290334795934494E-003
 -0.641319474109151       0.541845195957113       0.543243146064964     
  0.485980679079192       0.511127124424209       0.708923015735535     
  0.826025853535478      -0.533596209404698      -0.181538906573560     
  0.285489174668170       0.673813140259803      -0.681521667418220     
  0.347030197159194       0.210715178791859       0.913875897311208     
 -0.879273001990974       0.412090429832307       0.238873325447620     
 -0.326265275856061      -0.886442660902181       0.328283990933505     
  0.390788773858975       0.653731593572702       0.648011680288786     
  0.600148353134484       0.352828771484337      -0.717867545054671     
 -0.697929859266506       0.669437720462292      -0.254454416284106     
 -0.416299986807354       0.616819674157547      -0.668002852206766     
 -0.820050716851835       6.259703384941880E-002  0.568857128938407     
  0.392697266065081       0.784611433083557       0.479764271595519     
  0.718969149098698       0.657952027368066      -0.224014491331579     
 -7.042372881860681E-002  0.389605491701555       0.918285390962566     
  0.691465010729811      -0.644442930381148       0.326449764003868     
  0.920354419210588      -0.386001609712410       6.285300580695348E-002
 -0.387719054746407      -0.921612992113330       1.741916629659879E-002
  5.120232051472758E-002 -4.040111467948129E-002 -0.997870769341683     
  0.996924090485136       7.552976991395101E-002 -2.091916984801769E-002
  1.608057892370313E-002  6.411123860099005E-002  0.997813190966388     
  7.670575462025744E-002 -0.995080400239997       6.269947580597714E-002
  0.921334924896574      -0.383928068713456       6.116530241714217E-002
  0.111912017312090       0.412585117457668       0.904018374389360     
 -0.372313922042896      -0.826058568690137       0.423095242878762     
 -0.929664000898504       0.356872563124423       9.147031825893406E-002
 -0.118170326893092      -5.369471257027393E-002 -0.991540544649575     
 -0.348942143163255      -0.932608627201679       9.208978875876486E-002
  0.213295420192918       0.872897238691158      -0.438811433773184     
 -0.974808328328818       0.160161460676268      -0.155232179443627     
 -6.522106059779147E-002  0.460867353149901       0.885069204105026     
  0.917396190154549      -0.205186961900761       0.341002259458577     
 -0.192545375209158      -0.978722608530461      -7.091074697741184E-002
  0.348296581630488      -6.051588765315988E-004 -0.937384192851176     
 -0.187577281152987       0.834458391422909      -0.518164024782833     
  0.718127442499823       0.476418320670343       0.507265768664035     
  0.670155011862119      -0.276956272204731      -0.688612723787864     
 -9.155289099760214E-002 -0.800149540170472      -0.592772116006619     
 -0.988137352778044       0.146704865110837      -4.541205343970557E-002
  0.123298986998194       0.581582664732877      -0.804088902974930     
 -0.300814652975595       0.618928906668104       0.725560165007560     
 -0.435986833040594       0.587392291921222      -0.681825327196613     
 -0.848189852550952      -0.521437727712677       9.314864544068156E-002
 -0.766150021108637       0.254583265480194       0.590086015842332     
 -0.566462016983520      -0.701189026414234      -0.432960428389503     
  0.303537359266035      -0.665973956077639       0.681427737442571     
  0.835493679717914      -0.283349661940356      -0.470811300023381     
  0.440599387160510      -0.166554108997662       0.882117854263124     
 -0.328363352378433      -0.944443062261713      -1.431121799553675E-002
  0.604059033222419       0.488096021750251      -0.629980125030922     
 -0.628440992898382       0.777857256322164       8.504029056003587E-005
  0.490076119421558       0.395853965924979       0.776611250777487     
 -0.929559109120752      -0.134699863359381      -0.343184803657736     
  6.547614367239549E-002 -0.976384300263414       0.205879996135893     
 -0.362812261728330       0.168907208283388       0.916426547918318     
  0.873052881508091      -0.486280408654291       3.619434001934405E-002
 -3.151997296510153E-002 -0.130348664812287      -0.990967061453575     
  0.486605751501869       0.864025803862749      -0.129128822749341     
 -0.287107631340212       0.621367697830063       0.729020844777144     
 -0.557654331230009      -0.727220763897718       0.400214451783579     
  0.778839428179278      -0.291637008367229       0.555299018965447     
 -0.388224034830834      -0.893558070255900       0.225468565126537     
  0.632869156167684      -0.436348455637535      -0.639591007155621     
  0.669894566294780      -0.105612500885502       0.734906299949483     
 -0.774065920212147      -0.362636465113597       0.518957363697671     
  0.631580544523286      -0.385459970399762       0.672700993755089     
 -4.390862040410592E-002  0.848478288107203       0.527405562792884     
 -6.367872349693526E-002  0.429670873377096       0.900737453837223     
  0.792793276604620       0.569989306117465      -0.215849511192966     
 -0.606154964298992       0.700353576047909      -0.376936370986661     
 -0.487271240897929      -0.864654933083658       0.122223502191221     
  0.196609290569934      -0.244997741218704      -0.949379214886929     
  0.850829903479761      -0.438574912063867       0.289379546362199     
 -0.669864367564158      -0.742065526677767       2.490949988094681E-002
 -0.681707974200488       0.601393312578705      -0.416653718928655     
  0.294203954730961      -0.296082484625585      -0.908723937903367     
 -0.653141965791770       0.242693769425378      -0.717290252829191     
  0.680649658493995      -0.226955565940449      -0.696568168581266     
 -0.331845769769136      -0.943181268564401      -1.695522679227578E-002
 -0.765367976580886      -0.392332978032988       0.510183001257635     
 -0.477558725413272      -0.185213919402132      -0.858855906331994     
  0.431450488707722      -0.900983151011975      -4.560523419960198E-002
  0.168663928727573       0.954387824863101      -0.246366310398273     
 -1.451640782823275E-002  0.252325179222764       0.967533605532110     
  0.985566716691440      -0.159611665248121       5.641243893661315E-002
 -0.428196469814987      -0.892107584913973      -0.144193759146995     
  0.873793026177841      -0.449427878343068       0.185742643383310     
 -0.230507116247967      -4.646115697017419E-002  0.971960817241127     
 -0.846108871613422      -0.446665382092924      -0.290843280508325     
  0.490377548677574      -0.438496242476859      -0.753160610418952     
  0.208877086177577      -0.779878889170272       0.590050236078681     
  0.254698082568833      -0.180397594280191       0.950045048781204     
 -0.896885672675933       0.323258423355088       0.301827901093690     
 -0.361559091829260      -0.928956780322908      -7.946271709234397E-002
 -0.196817923187182      -3.527369978745123E-002  0.979805323120664     
 -0.713515007728692       0.690551949468415      -0.118466614838512     
 -0.672427720173856      -0.722422155798586      -0.161081314723696     
  0.372180453194937       0.438373756331187      -0.818113781829702     
  0.287979672173179      -0.892475630758533      -0.347210248865419     
 -0.882354474502532      -0.106375270915019      -0.458404715358728     
  0.899068771725605       0.435300696679569      -4.678297957691299E-002
  0.186640568880155      -0.284424270671741       0.940355322365403     
  0.396031112105986      -0.854175706586842      -0.336961749343996     
  0.566663370468868       6.431630009473267E-002 -0.821435352362550     
 -0.800899663554393       0.277155060720518      -0.530796383969848     
  0.193526105441419       0.958670165311892       0.208564523957327     
 -0.664353878452120      -0.709469317157827      -0.235132329119653     
 -0.533154287860898       0.229364500634513       0.814333120525144     
 -0.523813353706417       0.666367176457760      -0.530635804124211     
 -0.474222264714521      -6.418186637706255E-002  0.878062601229199     
 -0.803933616442287      -0.374992139118394      -0.461596832694329     
  0.358892719350862      -0.924803537854266       0.126231661516340     
  0.757127879178394       0.653258794545356       3.212774498445689E-003
  9.206506684737589E-002 -0.101832034124123      -0.990532311584298     
 -0.646746780461424       0.750255412626455      -0.137242186617274     
  0.503675290243530       0.824532137050449       0.257794408335628     
  0.844239229378177      -0.406499644890158      -0.349310982196550     
 -0.183224795202611       0.393579462974373      -0.900846202604954     
 -0.690807624941040      -0.593401796332443       0.413109105966874     
 -0.613168589800053       0.783572080624636       0.100195184256497     
 -0.383156764009112      -0.184089930672508      -0.905152910628396     
  0.607737029815660       0.793866163022780       2.078984844412066E-002
  0.587806058327094      -0.432078141672445      -0.683953592930727     
 -0.533984775424173       0.427884323966625      -0.729229226593956     
 -0.488392837716198       0.205043977245813       0.848191843548815     
 -0.687470344903247      -0.689071411711781      -0.229270832074522     
  0.537454147761583      -0.695080971511055       0.477499195912536     
  0.351391750122665      -0.869760953858482       0.346467489223612     
  0.595915644818392       0.493206409503990       0.633744413691247     
 -0.722086132124424      -1.622716140813142E-002  0.691612823063760     
 -0.522985487932895      -2.324306235799577E-002  0.852024612005906     
  0.324199927482226      -0.929917603054607       0.173630811060983     
  0.788276973171303       0.367032711868299       0.493868810501829     
 -0.367271792268102      -0.490372233218225      -0.790345812598983     
 -0.744886089445876       0.663939427866014      -6.579627554034709E-002
  0.557006413207430       0.564552485614510      -0.609117678804574     
 -0.845572106573856      -0.429490909901625      -0.317088900619568     
  0.484387279031376      -0.367508822397882      -0.793918276255372     
  0.224447714394313      -0.824908979082902       0.518795142355412     
 -0.507293750512988       0.601438686739688      -0.617190859283662     
 -0.607965453020721      -0.757353796551166      -0.238313312223310     
 -0.610762686011331       0.254335866409704       0.749854791565573     
  0.675073692194057       0.538239484656594      -0.504553037117099     
 -0.462306590386875      -0.224343290186353      -0.857871030303055     
 -0.574933149672504       0.812384358111951       9.738340773811469E-002
 -0.812631627132834      -0.318943118647899      -0.487755190285654     
  0.380561486975083      -0.924280064969761      -2.965326509522846E-002
 -0.441364694118998      -0.209718021559060       0.872476680615933     
 -0.592743479385135      -0.790507842749623      -0.154118519969993     
 -0.672805218125352       0.591199153095110      -0.444765893299974     
  0.442705665323703      -0.159940338660896      -0.882287244586102     
 -0.614543648333259       0.227632827119405       0.755327346460377     
  0.221904106053198      -0.868924924775819       0.442411621479441     
  0.757030165852047       0.439491491522833       0.483479634389141     
  0.391064546205045      -0.538522368834944       0.746365981918953     
 -0.440968113600116       0.602173755332320       0.665532787454477     
 -0.807846299421739      -0.589389876612563      -1.982386750989495E-003
  4.713660792630096E-002  0.712002515616073       0.700593004496609     
  0.437383249325401      -0.645272728911571       0.626353732752163     
  0.898038993252941       0.276903454437458      -0.341833941436257     
  0.347699009409004      -0.481462368526093       0.804549182181700     
 -0.724109495329739       0.407222996837202       0.556628125071163     
 -0.595626424555953      -0.776120749973980      -0.207040440084829     
  0.740614649989945       0.668760124266079      -6.519076937642478E-002
  0.653651376231328      -0.694593012848700       0.300467011255241     
  0.155659302873816      -0.265142306494804      -0.951561736691557     
 -4.030370477367468E-002 -0.933029575627481      -0.357535204400797     
  0.972977537463102       4.477178330489749E-002 -0.226517546808052     
  0.227355059265799      -0.357003219066863       0.906012350137758     
  0.549813663636069       0.736728076856609      -0.393619963988421     
  0.817529857589549      -0.377977881567679       0.434485503780300     
  0.171318029491046      -0.560682139734067      -0.810114603592932     
 -0.498755873742086       0.555176852291430       0.665598408266988     
  0.859696959109944       0.414588413060182       0.298391665857736     
 -0.110289242017900       0.721037523597781      -0.684062257882349     
 -0.234736078901773       0.712828620780947       0.660889045647871     
  0.862609604520860       0.466176089720737      -0.196429436595051     
 -0.448111195408223       0.523980162571272      -0.724321162041810     
 -0.730910567299389      -0.604894675190531      -0.316025591584332     
  0.317856426357808      -0.711490450885773       0.626696601651392     
 -0.603934627946708       0.357608403459010       0.712305548863948     
  0.875411768766347      -0.360303666189772      -0.322235167595943     
 -0.417339835837615      -0.227024949474628      -0.879935869105854     
  0.243888697008306       0.904787787520505      -0.349109385473005     
  6.259029247859756E-002  0.788029596537011      -0.612447393878984     
 -0.729904147366383       0.454661621887199       0.510414287848856     
  0.680677890741866       0.415080913274288       0.603643474652536     
 -0.124207452305012      -0.734169173416014      -0.667508901511842     
  0.979274220828136      -0.199161851405762       3.683147249399925E-002
 -0.159982840371539      -0.649099516060732       0.743690331412462     
  1.862348242942981E-003 -0.923516036310867       0.383555292409956     
 -0.806827295327294       0.225211608255871       0.546177120558568     
 -0.590784433760628      -0.310480051184402      -0.744698523325154     
 -0.773535729869510      -7.916455041257159E-002 -0.628788874403181     
  0.595990953681385       0.246495773302655      -0.764221575770979     
  0.215493057301615      -0.965905175315829      -0.143491932013272     
 -0.599583417023906      -0.800022760874068       2.152459322196758E-002
 -0.224669588108019       0.142444890415067      -0.963967338333625     
  0.768129743083361      -0.582814752110887      -0.265148378295278     
 -7.039374492563422E-002 -0.364854036141700      -0.928399834654475     
 -0.948768416428660       0.311889240688239      -5.063194179929144E-002
  0.308031187808633       0.877272268941646      -0.368117037751824     
 -0.797018827943663      -0.572484801015106      -0.192411383525001     
 -0.538421419232627       0.529183637654441       0.655794977832506     
 -0.273611701531264       0.626279354797449      -0.730007401701968     
 -0.829721690440577       0.554771925893227       6.156319235672054E-002
 -0.382679876098046      -0.485084731110312      -0.786288061764402     
 -0.406347177721238      -0.675959254603674       0.614785374967256     
  0.264458234337244       0.544284197863291      -0.796125966319112     
 -0.780435453352962       0.605748758391425       0.154883649417892     
  0.566553038506532       0.580364672997557       0.584973931808465     
 -1.779672865365006E-002 -0.999750595836053      -1.349157421082729E-002
 -0.799312761448218       2.233241381362352E-002 -0.600500102147602     
  0.600651634339949       9.705006432991073E-005 -0.799510853426039     
  0.924047589029258      -0.361233685063484       0.125085082982233     
