 -0.920598996026383      -0.386239894029878      -5.758674131211229E-002
 -4.834603681373541E-002  0.259057720979144      -0.964651106838891     
  0.387505031244137      -0.885272749756200      -0.257161445981995     
  0.219742757956643      -0.427192652456550       0.877051627906101     
 -0.832228569939789      -0.551181364276747      -5.995590921665157E-002
  0.509027236699140      -0.716732545208605      -0.476640043363188     
  0.292117549984634       0.169482563162673      -0.941245450334186     
 -0.889085146381858      -0.314529203645197      -0.332564253246604     
 -0.352413023984821       0.933995203862368       5.880492911123718E-002
  0.344129700896977      -0.383768608821343      -0.856910966112515     
  0.878676656757365       0.453285125509357       0.149866366679286     
  0.330910987775035      -0.804521130782333       0.493197392830148     
  0.839410167162177       0.500662153832261      -0.211489902796278     
 -0.329498341906920       0.159325742990982      -0.930616005826831     
 -0.432228427969871       0.850854109316214       0.298706998100489     
  0.884577039125963       0.415128792626483       0.212583036443670     
 -5.853958553786855E-002  0.551020588814943      -0.832435839946315     
 -0.462705715089180       0.723909107716248       0.511721628416525     
 -6.101000638968325E-002 -0.279461291776593      -0.958216658965448     
 -0.993763191570749       0.106781738131457       3.213066262537965E-002
  9.334076386791167E-002  0.954200737161707      -0.284233099762009     
  0.170238913499028       0.202789137322893      -0.964310778802399     
 -0.837236775029834      -0.486310336732004      -0.250073666996758     
 -0.519666522751182       0.849928715935347       8.699357999470594E-002
  0.172601042748296      -0.489144857804653       0.854953909942191     
  0.736449782509390       0.640484767910274       0.217763587215177     
 -0.654102895486724       0.592044398806496       0.470778962951561     
 -0.210410642225248       0.447393225478705      -0.869233376852320     
  0.907025018717304       0.421067183177743      -2.835960448747515E-003
  0.364736860022778      -0.789013136168516      -0.494393865146208     
  0.277244392054035      -0.503995055348918       0.818000324730048     
 -0.945634268803870      -0.293803780278131       0.139481785040387     
  0.170033457702844      -0.812199681653616      -0.558050446092072     
  0.984267739315542       0.162631422231731       6.905098004823547E-002
 -8.904517142065041E-002  0.119046000674441       0.988887762675849     
  0.152603980254125      -0.979478978960876       0.131654680829397     
  8.988634228951480E-002 -7.761374848345508E-002 -0.992923235459943     
 -0.981531378044666      -0.175942652340622      -7.510217707219095E-002
 -0.168868586135572       0.981335971588552      -9.199517097579972E-002
 -2.088048474292482E-002  0.431689709845203      -0.901780460960827     
 -0.576866399542932      -0.741891576555691      -0.341792401486611     
 -0.816571590514379       0.513070056668118       0.264518344383334     
  7.880589787572599E-002  0.296593705882353      -0.951746712151400     
  0.898830091049248       0.391774169000153       0.196513276723472     
  0.431154378250222      -0.870944989155642      -0.235713232510348     
 -7.206003331578346E-002 -0.105987997552251       0.991752940995661     
 -0.866377242189110      -0.485995012667074      -0.114888301752625     
  0.494163764166731      -0.867511032804542      -5.680477222037230E-002
  6.435016462122949E-002 -6.647270388691573E-002 -0.995711020302164     
  0.949875355046983       0.309968952121566       4.069469983990378E-002
  0.305934414846709      -0.948420069567547       8.308733630200965E-002
 -0.126774937243539       0.166108205414240      -0.977924424166278     
  0.879412252176192       0.474892133378700      -3.333995167139592E-002
  0.458870576534634      -0.864225390595064      -0.206282011434801     
 -0.965981248929007      -2.128968836437741E-002 -0.257734312591295     
 -0.256821457257729      -3.810413256718011E-002  0.965707416443169     
 -3.038035236133151E-002  0.999046957980742       3.134022877629964E-002
 -0.786053324912353      -0.486456330782972      -0.381418941107405     
 -0.150482510883753      -0.447877159167168       0.881340492780390     
 -0.599562494084092       0.750177504686400       0.278852160024191     
  4.746658113119174E-002 -0.405524331313389       0.912850995720876     
 -0.998591437473472      -4.095580006660660E-002  3.373074925990034E-002
  2.370790333301340E-002 -0.913166271362301      -0.406897156743347     
  0.121948426306611      -0.395991912610898       0.910120314281597     
 -0.935319198221149      -0.352685155882565      -2.812789112408069E-002
  0.332124342318233      -0.847822850580740      -0.413388237946872     
  0.912624365175542       0.311332258105105       0.264932053838569     
  0.204357635421525       0.213841039977170      -0.955253875399812     
 -0.354054692008013       0.925928849688096       0.131533419260806     
 -0.944668342481840      -0.315844961873992      -8.856456837523026E-002
 -0.138712914741013       0.139973121601359       0.980390867212383     
 -0.297254856977522       0.938429264935934      -0.176039952042930     
 -4.480614803209818E-002 -0.348614615594797       0.936194562520121     
  0.786963749970218       0.564947970891850       0.248035978072244     
 -0.615370185605007       0.747864720373268       0.249033922768637     
 -0.986301113406361      -0.160756150581980      -3.698072123994052E-002
 -1.915856998605489E-002 -0.111032228244039       0.993632121807283     
 -0.163838526877681       0.980728965790831       0.106431352379467     
 -0.890730486911964      -0.401716012460243      -0.212658047152120     
  0.140349192816262       0.201920714581927      -0.969293623778975     
  0.432320834290162      -0.893225766732991      -0.123476418326969     
 -0.730680120834949      -0.678395772444228      -7.671855672877700E-002
 -0.181847630327185       8.507707577693142E-002  0.979639388000264     
 -0.658056228874955       0.729754114141903      -0.185528791651929     
 -2.128689416608792E-003 -9.570719917989234E-002  0.995407253693944     
 -0.999997692412250      -8.451134933386978E-005 -2.146631784208458E-003
  2.895713258780439E-004 -0.995409526216670      -9.570679842872362E-002
  0.741026228260817       0.622717337177480       0.251203596726045     
  0.373627799387531      -0.693230240928533       0.616306823414289     
  0.557926873841375      -0.362842873763115      -0.746366299081725     
 -0.107396627497336       0.428644944725801      -0.897067152315334     
  0.956258759542080       0.291469812647047       2.478977842894144E-002
  0.272094008021607      -0.855165983699273      -0.441198358023012     
  0.917523273834310       0.265847197715880      -0.295763942087215     
  0.304315212264967       9.427153017088272E-003  0.952524740030471     
  0.256014244831132      -0.963969084697495      -7.225171410377156E-002
  0.974636793613033       0.221647835398682       3.090885955159860E-002
 -2.425463285039389E-002 -3.268154222138846E-002  0.999171471561978     
  0.222474343062261      -0.974578962353043      -2.647664665132607E-002
 -0.984999627547823      -8.030195332933848E-002 -0.152732871452603     
  0.137692683919611       0.167701084284498      -0.976174713422195     
  0.104002204426998      -0.982561928135524      -0.154128514081696     
 -0.732624247362311      -0.634129486739553      -0.247268085737511     
 -0.144582084496728       0.499993187730012      -0.853875185882752     
  0.665099791775250      -0.589819130133256      -0.457990895880616     
  0.829024379763844       0.501007714819848       0.248414668343432     
 -0.241233417036785       0.721166291003524      -0.649404049282865     
 -0.504504723726066       0.478445869886295       0.718724240113550     
 -0.702576500720122      -0.709634230875759      -5.296715024632033E-002
 -0.125577111778400       0.196904239942538      -0.972347216425291     
  0.700440325533370      -0.676496843054013      -0.227454109008242     
  0.148391566552219      -0.332021880438716       0.931526389259094     
  0.843602599949074       0.534043846239685       5.596269876238322E-002
 -0.516056776271162       0.777533691362289       0.359342124529137     
  0.859136511046453       0.383946457445550       0.338333523615213     
  0.133343585873905       0.470340966651389      -0.872352487928925     
 -0.494068763931907       0.794584478142204       0.352890299671741     
  0.960693619255645      -0.274998035353765      -3.799803248943009E-002
  2.540844832567295E-003  0.145579484165959      -0.989343296281688     
  0.277599196737026       0.950359244886693       0.140556008869861     
  0.906865201903840       0.368841372784728       0.203841966479520     
 -4.794733227326792E-002  0.570866415025704      -0.819641744619943     
 -0.418684318913201       0.733530897725511       0.535383846579419     
 -4.439246413314377E-002  3.119852922141525E-002 -0.998526895432769     
  0.915175683071003       0.402072748867820      -2.812425525044461E-002
  0.400603018265834      -0.915076038584888      -4.640113537403741E-002
  0.987977222786493      -7.404377983310503E-002 -0.135714869941041     
 -0.125282457566794       0.130899343319224      -0.983447846987654     
  9.058318321363615E-002  0.988626765056722       0.120049182972074     
  3.422859112077742E-003 -0.541386528531538      -0.840766858742661     
  0.997722787216229      -5.478679053833525E-002  3.934015063578559E-002
 -6.736114536617276E-002 -0.838986909496890       0.539966148742564     
  0.743591918740410       0.616507219601849       0.258824084201512     
 -0.167597906503930      -0.202880277445203       0.964754131765843     
  0.647288189386638      -0.760761750617429      -4.753481543029139E-002
  0.998678935748345       5.075294869562797E-002  8.032527077789604E-003
 -1.681464375478724E-003 -0.123959689159685       0.992285829860016     
  5.135714137401343E-002 -0.990988462930921      -0.123710591170525     
  1.988117338756978E-003 -0.126007238051147       0.992027329940013     
 -0.931089430905551      -0.362111949659719      -4.412944107400527E-002
  0.364785579546846      -0.923578427569801      -0.118043928612724     
  0.195974837126241       0.115612564065246      -0.973769787087090     
 -0.784961460867684      -0.576679072260508      -0.226443707285642     
 -0.587732395028464       0.808749023274331      -2.226318007704030E-002
  0.725080901512714       0.686216055104881       5.801044714338803E-002
  0.147400239096530      -0.236927416826301       0.960280463547138     
  0.672704136880267      -0.687730270434799      -0.272939955579853     
 -0.153460970706040      -7.839546607441908E-002  0.985040040490148     
  0.966323582123997       0.196474823732447       0.166181762749325     
 -0.206563465068547       0.977369835087257       4.560417043005058E-002
  1.298325864630587E-002  0.353542586917763      -0.935328324296059     
  0.780430068622748       0.581197156262706       0.230518488502898     
  0.625108265010547      -0.732951229474202      -0.268369432365052     
 -0.961471226118452      -0.258967486741853      -9.224381907140249E-002
  3.525027408504040E-002 -0.448915966779411       0.892878420025604     
 -0.272636203617936       0.855225289371808       0.440748459890323     
  0.832393035213320       0.551083099285901       5.855982078035455E-002
  7.430044810959324E-002 -0.215689498261193       0.973631081955861     
  0.549182372567640      -0.806092710561998      -0.220484157343831     
 -3.716695617215815E-002  0.334452549710159      -0.941679409014266     
  0.912784574414135       0.394917037851890       0.104234610019148     
  0.406746773902930      -0.855676355409375      -0.319960992486387     
 -6.582171184740623E-003 -0.410995793496198       0.911613477714575     
 -0.758166817074633      -0.592371618916417      -0.272541634597869     
  0.652027416992159      -0.692949004495138      -0.307704281185402     
 -0.457721902733823      -0.803258973264551      -0.381137352706041     
 -0.319573914578077       0.548669628326667      -0.772550420408356     
  0.829676547142965      -0.231811692590956      -0.507838720756063     
 -0.919582953131065      -0.373532784140626      -0.121821391729569     
 -3.758143313289511E-002  0.392263887578393      -0.919084695980514     
  0.391094398060715      -0.840596396419942      -0.374757081496198     
  0.950774326049935       0.231635925046082       0.205846979944664     
  0.175883922992462       0.143529735449299      -0.973891195501122     
 -0.255133350538644       0.962155919417439       9.572335228683226E-002
 -1.493144111173197E-003 -0.232994956188767       0.972476797106879     
  0.997575993489459       6.730776975974180E-002  1.765789748149547E-002
 -6.956944540642360E-002  0.970145872804979       0.232329674697971     
  0.680179046154224       0.705380048689863       0.199487974782846     
 -0.190568287440023       0.432929947921999      -0.881053567051698     
 -0.707841926559167       0.561258093128772       0.428892946902353     
  0.144670369195385       0.127777781747470      -0.981194844446596     
  0.928039846275818       0.326460886940035       0.179346962680474     
  0.343238296233479      -0.936534103911906      -7.135365588890553E-002
 -0.897511202480025      -0.389261488856296      -0.207241730151606     
  0.160836561250922      -0.726512952023929       0.668064765652603     
 -0.410615686485346       0.566263563930100       0.714660992483314     
 -7.125763738629674E-002  0.582290597397940      -0.809851844040668     
  0.729761052609291       0.583926775086816       0.355637916189050     
  0.679978790263899      -0.565656416492114      -0.466542241680929     
  0.951247272504324       0.277031424539809      -0.135581032487543     
  0.268222566152590      -0.526013267146121       0.807072919749398     
  0.152267138803826      -0.804091806079285      -0.574674765268857     
  0.256162089958814      -0.263087468601750      -0.930142982305718     
 -0.882990685865861      -0.455232397377614      -0.114415528019331     
 -0.393329928103643       0.850616510680548      -0.348917066672555     
  2.575181001897893E-002  0.339731813335726      -0.940169739615329     
 -0.892491760650300      -0.415852376181204      -0.174714791576972     
 -0.450327993191685       0.843592968339652       0.292498892845581     
  0.825072571139381       0.516150970694445       0.229876984068978     
 -0.165991664871679       0.610310485484028      -0.774575934625801     
 -0.540094454282312       0.600923694623090       0.589227200402309     
 -0.895671900130144      -0.411647461727864      -0.168280166895354     
 -6.938416594025912E-002 -0.244414601572434       0.967185266665623     
 -0.439269489987791       0.877956644596569       0.190353474816528     
 -0.190064472985562       0.270744389432392      -0.943701738739331     
 -0.894128420808872      -0.444723607152117       5.249076436391691E-002
 -0.405474861379311       0.853767174838904       0.326606411383609     
  0.867652969572821      -0.407870096956926      -0.284289128177260     
  0.115839139727863      -0.390227587697296       0.913402279122988     
 -0.483486936843713      -0.825448007937617      -0.291334804122566     
  0.389660974364269      -7.578641081787046E-003 -0.920927189986741     
  0.907402033728910      -0.167782110498580       0.385318975111848     
 -0.157435301765869      -0.985794972393229      -5.850126632724081E-002
  0.990249335882015       6.028279223295458E-003  0.139175833515703     
 -0.110021256687398      -0.578973186181073       0.807889455779870     
  8.544925899100053E-002 -0.815324297156083      -0.572664574253548     
 -0.848027002743653      -0.410739174765979      -0.334878385283664     
 -0.161416922242898      -0.401683276871688       0.901440581677592     
 -0.504772007773109       0.818500992909787       0.274338011902448     
 -0.893875574069834      -0.441678587449212      -7.685364968610624E-002
  0.110339998098718      -5.059080359273409E-002 -0.992605488304126     
  0.434524502071892      -0.895745832242930       9.395669810347346E-002
 -4.944682714039875E-002  0.352163482936521      -0.934631420706441     
 -0.928769323398218      -0.360386583615613      -8.665479942997158E-002
 -0.367345280628625       0.863772187347934       0.344898612876263     
 -0.895090366972613      -0.419043146794988      -0.152368225286446     
 -0.187365953353534       4.339837894429973E-002  0.981331024796889     
 -0.404607506698418       0.906928564898687      -0.117359889630792     
  0.911782573041356       0.405274485333189       6.637116117745612E-002
  8.628371178494802E-002 -0.347058020685251       0.933866077849851     
  0.401506737899531      -0.845756065196113      -0.351410041981300     
 -9.474967718756350E-002  0.140615665423416      -0.985520031917306     
 -0.982934111580869      -0.170019213254575       7.024243315253480E-002
 -0.157680153994500       0.975356704883788       0.154325199738902     
  0.126751663311561       0.299999754899345      -0.945480916205152     
 -0.929211450412021      -0.297654370980628      -0.219015880381725     
 -0.347131237820781       0.906312320613829       0.241035020759513     
  0.153793300168167       0.130565063707249      -0.979438811239636     
 -0.900572395803999      -0.389357607554090      -0.193313251888229     
 -0.406591909338155       0.911785839755699       5.770270081981474E-002
 -0.954876820736389      -0.182873672670024      -0.234024522357254     
 -0.204060911678047      -0.168561718698907       0.964337125342790     
 -0.215799447509732       0.968578425752684       0.123638309682119     
  8.077695071945126E-003  0.640678785323466      -0.767766530189217     
 -0.934786124592300      -0.267828405441096      -0.233329909159929     
 -0.355119208311846       0.719582267204637       0.596734202650279     
 -0.158118901954574       0.343103797832490       0.925893188633358     
  0.902562874024998       0.430524180900760      -5.402600431032384E-003
 -0.400473059364065       0.834822564125358      -0.377746760609571     
  0.147360974297726       9.609116288691349E-003 -0.989036100523245     
  0.785757094438413       0.606189641351615       0.122963032077638     
  0.600725005134432      -0.795262084851420       8.177826486363993E-002
  0.249042292806411       0.142807323549557      -0.957906052144129     
 -0.961871902667592      -7.898114273378472E-002 -0.261848089454753     
 -0.113050339461543       0.986594165517445       0.117692707142589     
 -0.796079634141578      -0.604586738639430      -2.705719065843623E-002
 -0.250079088539843       0.369342180774676      -0.895012180350436     
  0.551105856964076      -0.705734531507355      -0.445220288686369     
 -0.172327059923558       0.173125711899024      -0.969706590829183     
  0.508410040364261       0.858809139548701       6.297692183986048E-002
  0.843695807311412      -0.482155939201234      -0.236014904228573     
  0.820928694002234       0.567341912007419       6.480149877640133E-002
  4.161345964756576E-002  5.374176475856932E-002 -0.997687397282746     
 -0.569512422463308       0.821726826628183       2.050909699493078E-002
  0.779103716341315       0.567270951583056       0.266835280038441     
  3.828304486532264E-003 -0.429943213472797       0.902847815123591     
  0.626883356987542      -0.702390561353760      -0.337142041361435     
 -0.675897243291069      -0.735789701616058       4.214773430764487E-002
  0.363734851389446      -0.283296162182746       0.887378297220099     
 -0.640983521158063       0.615107144722187       0.459111452825453     
 -5.026317903133089E-002  0.500160148563839      -0.864472925326343     
  0.919322850513598       0.361411702640899       0.155650498610878     
  0.390280808338473      -0.786906225024857      -0.477974354604902     
  0.247228698496094       0.139033033828777      -0.958930542919752     
  0.874655096983346       0.393844693788513       0.282603642042473     
  0.416960947764896      -0.908601217630117      -2.423624063246083E-002
 -0.978608232877261      -0.188193079944336      -8.312214630233902E-002
  1.707227859622628E-002 -0.476920781494787       0.878780464895486     
 -0.205023081257646       0.858562713399334       0.469931487891781     
 -3.805894781398485E-002 -9.842521219805565E-002  0.994416408802217     
  0.896593703932314       0.436025049452937       7.747184210004691E-002
 -0.441215646322863       0.894535988014609       7.165277096225653E-002
 -0.211166517004168      -0.366863548187250       0.905991081141419     
 -0.917615576072791      -0.244912708695436      -0.313048589947396     
  0.336734846199358      -0.897456908230617      -0.284922342444656     
 -0.150925914459292       0.403007183640112      -0.902666371523247     
  0.890533508381736       0.451839373921863       5.283228769482264E-002
  0.429151999638588      -0.795880889397623      -0.427085671848073     
 -0.351020115000442       0.239672619023964       0.905175073980352     
  0.831206483951701       0.524855558070262       0.183364184614621     
 -0.431138794243431       0.816751907774257      -0.383452293310801     
 -0.140988580195192       0.531326760690590      -0.835352676196435     
  0.759021168535576       0.599745077303005       0.253362799096110     
  0.635617090683943      -0.598329103107049      -0.487845465701558     
  7.622470595502612E-002 -0.504590967474339       0.859987063708154     
  0.833003330078447       0.506246661879893       0.223203426079654     
 -0.547992012971285       0.699358472372215       0.458914459176150     
  0.148137627318843       0.186930351391849      -0.971139684649360     
 -0.844178344834527      -0.487643758888441      -0.222635321837265     
 -0.515187505171413       0.852795759924742       8.556416521871903E-002
 -0.882390120023090      -0.445651357962706      -0.150938872500181     
 -8.787245275065315E-002 -0.159065823768870       0.983349630475485     
 -0.462240314266493       0.880961367401995       0.101197633431151     
 -0.933098363032016      -0.355032935871750      -5.726307146197086E-002
 -0.183982992298944       0.334469005553484       0.924273088902176     
 -0.308994665733383       0.872973137485032      -0.377412503473287     
 -0.882093171777222      -0.470897841838753      -1.291738578619058E-002
  0.128992948799133      -0.267822935969596       0.954794058490472     
 -0.453070033729953       0.840551067764566       0.296987284266060     
  0.926670136918571       0.349410136567144       0.138546071064543     
  9.078267683549590E-002  0.149629615667348      -0.984565631992990     
 -0.364747807299582       0.924945152200554       0.106936908926535     
  0.259837735752858       8.711155932054562E-002 -0.961715096747306     
 -0.915271267934815      -0.295268498721666      -0.274034705385322     
 -0.307835763308574       0.951434753357035       3.008809204096027E-003
  0.999110744717604      -2.992394996730997E-002  2.970314811816299E-002
 -3.866688562691056E-002 -0.369413270340660       0.928460396383222     
 -1.681046536225789E-002 -0.928783286302316      -0.370241833589548     
  0.954861940865662       1.322183219879429E-002  0.296755550983593     
  0.274644340863733       0.341331936839865      -0.898923241953790     
 -0.113177559249901       0.939849824198721       0.322293574301087     
 -0.849258584688150      -0.496104544512197      -0.180665816489678     
 -0.159372354401647       0.567100670452566      -0.808082472415239     
  0.503349092564978      -0.657477840300763      -0.560680462052516     
 -1.528816757204716E-002  0.199839906126261      -0.979709285375870     
 -0.751234487998881      -0.648916164149328      -0.120642264346484     
 -0.659858330229508       0.734147004233535       0.160047368618237     
 -0.968083979545814      -0.198313057359817      -0.153249273497004     
 -5.405917609452726E-003 -0.594800928453499       0.803854857275661     
 -0.250567724580767       0.779027462154944       0.574745185805887     
 -0.975717293316633      -0.218175195382373      -1.937389074737716E-002
  2.341677138081714E-002 -1.595982902637535E-002 -0.999598388692021     
  0.217778369772845      -0.975779108188571       2.068123985064641E-002
 -0.707481609363703      -0.690435803609919      -0.150891263848340     
  0.245684390457018      -0.440463398302769       0.863499377557100     
 -0.662652965509069       0.573838301134696       0.481249053456546     
  0.261889543257166       0.149445040112271      -0.953456893162169     
 -0.898462076933969      -0.322977802786455      -0.297407523810081     
 -0.352391491730601       0.934532781069362       4.968619187280034E-002
 -3.015509274884173E-002  0.612849721214344      -0.789623891222183     
  0.989567733807699      -9.303681597610095E-002 -0.109999323087171     
 -0.140877147145738      -0.784703364387156      -0.603650775971929     
  0.242736368116256       0.317339188683626      -0.916719638122469     
 -0.949825138062372      -0.114407755301391      -0.291106634468709     
 -0.197259379241023       0.941385524029606       0.273645815697833     
 -0.820693249703415      -0.479778451121192      -0.310282496655889     
  0.202961711678166       0.262839776819479      -0.943250653492540     
  0.534105919723702      -0.837094910724717      -0.118334174923450     
 -0.117502964744405      -0.412162469612216       0.903501605930665     
  0.945224434168998       0.232584982343489       0.229030554813389     
 -0.304538704151235       0.880923563444300       0.362256612144470     
  0.884256702025647       0.436903906250738       0.164939569617720     
 -0.378066782363332       0.462392028299705       0.802034363502189     
  0.274145204218991      -0.771562433551341       0.574052104025344     
 -0.902509350966241       0.362769733687077       0.232109869973528     
 -7.819690409431233E-002  0.391958985959112      -0.916653368245584     
 -0.423511647547743      -0.845438509678041      -0.325379179949914     
  0.977770524768527      -6.525320135901715E-002 -0.199265703537696     
 -0.113590220687676       0.633963791160597      -0.764975276241950     
  0.176244326598335       0.770604912526370       0.612458983224365     
  0.697411472226273       0.637630210510961       0.327177250203810     
 -3.419956105100393E-002 -0.426393543566322       0.903890997869151     
  0.715854474338961      -0.641573269898849      -0.275565075654009     
 -0.925891251988061      -0.341824852825995       0.160876224105498     
  0.372707149762925      -0.756857204256209       0.536895290425494     
 -6.176382442486991E-002  0.557066371589540       0.828168031039889     
  0.997888509372879      -6.197370905074502E-002  1.943662131406108E-002
  6.289306081329359E-002  0.847283725097288      -0.527403784672463     
  1.621683579325927E-002  0.527512605130730       0.849392409705373     
 -0.975747168535777      -0.177122898754509      -0.128627142668907     
 -1.777090125418856E-003  0.593995500706540      -0.804466398982008     
  0.218893364552342      -0.784727228963789      -0.579904191291770     
 -6.158088856147534E-003  0.245166474481177      -0.969461436949543     
 -0.748192422105817      -0.644346337339555      -0.158195755507538     
 -0.663453221745886       0.724369517130180       0.187399640360714     
 -0.951673015795103      -0.252082654783976      -0.175421795010113     
  0.137208193167207       0.162029722712741      -0.977200225483681     
  0.274758771898700      -0.954044393157206      -0.119611509270771     
  9.136242280629311E-003 -0.128725629540752       0.991638160508312     
  0.917896902603676       0.394508940277709       4.275479191340564E-002
 -0.396713757346016       0.909830977896614       0.121761185901465     
 -0.900956040505841      -0.405805852843195      -0.153622338461003     
 -5.813912289251937E-002  0.463748245337735      -0.884057355229543     
  0.429997738907194      -0.787565346332830      -0.441409979259968     
 -0.904651447902717      -0.424924578712940      -3.232429756594830E-002
  5.977756582420390E-005 -7.597805184972937E-002  0.997109488503542     
 -0.426152266489487       0.902034610224492       6.875905557164740E-002
 -0.935840035701620      -0.350692557829057       3.490211256203747E-002
 -0.100479493827436       0.170580845407585      -0.980207144689427     
  0.337797718906114      -0.920824035884915      -0.194873795155971     
 -0.828053193898225      -0.536018543042456      -0.164353368050807     
  0.151437137390460      -0.496090939451022       0.854962322686552     
 -0.539809875320843       0.683065078385066       0.491962800622917     
  5.042921408501039E-002 -7.540594218188830E-002 -0.995876919227679     
 -0.975872280327572      -0.215822536660004      -3.307453942084335E-002
 -0.212438666101603       0.973516603121493      -8.447032965288065E-002
 -0.156473964190772      -0.103912037648045       0.982200685686089     
  0.716547855260177       0.672475998595960       0.185297605042269     
 -0.679761038639604       0.732788045579434      -3.076703761104170E-002
 -1.402068850340830E-002  0.380681065227976      -0.924600101054979     
  0.934923804408957       0.332892293792162       0.122882873840628     
  0.354571431792628      -0.862707741538628      -0.360575168925845     
 -0.850882194294955      -0.462971123734339      -0.248308739314362     
  0.202896272679730       0.146382618160845      -0.968196897140754     
  0.484595288838487      -0.874202418029506      -3.061924798327103E-002
 -0.839962541205433      -0.512991224263718      -0.176926349649105     
  0.354966488202503      -0.272818428042778      -0.894186164941923     
  0.410440886882613      -0.813885808420763       0.411251953462061     
 -0.802451710153045      -0.526522424247849      -0.280794212256352     
 -9.354697931184534E-002 -0.353745206650128       0.930652078616735     
 -0.589338795205330       0.773070802408307       0.234608863706462     
 -0.341562293992578      -0.213803934790390       0.915217502449963     
  0.909834949467017       0.168947383958886       0.379021300432815     
 -0.235659848194284       0.962156254940828       0.136820236176796     
 -0.636114063753551      -0.669942145052168      -0.382800757807283     
  0.204194651218531       0.332265181897978      -0.920817242080108     
  0.744085641783773      -0.663910665060614      -7.455995245541122E-002
  8.295297166163275E-002 -3.154909134427690E-002  0.996053943984856     
 -0.771240074204882      -0.635013756064641       4.411663574075483E-002
  0.631116116442157      -0.771856323705408      -7.700820166103525E-002
 -0.982004780423686      -0.156030520982610       0.106400600312432     
 -0.134438721453169       0.181859230419110      -0.974091089418972     
  0.132638008877592      -0.970866467045387      -0.199563177384341     
  0.963897453604045       0.259293528570134       6.056867983646236E-002
  2.586760964683212E-002  0.135207080439473      -0.990479637433370     
 -0.265014274533730       0.956287567335677       0.123618456763802     
 -0.896598821808265      -0.373618159560271      -0.237739402663609     
  6.600593243304079E-002  0.418102593405043      -0.905998586241522     
  0.437896985163946      -0.828009475932855      -0.350209277646206     
  0.621338565506423       0.721853084593572       0.304740071662988     
  0.105333822202700      -0.462347823451006       0.880419943010336     
  0.776429760451451      -0.514939427906720      -0.363310077857140     
  0.958499703703053      -0.206364873339064       0.196702458177100     
 -0.178459649264621       0.103758910858987       0.978461160190683     
 -0.222329646213714      -0.972958183823558       6.262508239826310E-002
 -8.877229044303200E-002 -0.505467972941314       0.858266630354481     
 -0.854666668451349      -0.403862755659836      -0.326251069621469     
  0.511531393257412      -0.762493936317862      -0.396154806598053     
 -0.817171229877196      -0.558939275796399       0.140776656563709     
 -0.198279113611996       4.326201611390369E-002 -0.979190375293272     
  0.541217677248521      -0.828079273942949      -0.146178459082613     
  0.940354791061610       0.309193470761114       0.141888211512000     
 -7.028278815878912E-003 -0.399332737379880       0.916779127245829     
  0.340122728179516      -0.863094874562063      -0.373341354902354     
  0.829592652299768       0.548643323406012       0.103761914652200     
  6.908214118319379E-002 -0.285253105206707       0.955959373477487     
  0.554079136062497      -0.785888776896473      -0.274545335651897     
  2.613775177163205E-002 -0.308350100039345       0.950913788804217     
 -0.819993419585619      -0.550694555040246      -0.156033005756277     
  0.571775838741621      -0.775664697440147      -0.267238970542475     
 -0.966165649812656      -0.239394421350196      -9.599087533905011E-002
  7.816557081749390E-002  8.289621353573297E-002 -0.993487977441233     
  0.245792759577469      -0.967377138869641      -6.137907242242133E-002
  0.880526461851999       0.402185109425338       0.250839167067103     
  0.102272765992525      -0.677939103274861       0.727968992187931     
  0.462831968768999      -0.615341945593935      -0.638075903539605     
  0.335532702684572      -8.994075109609663E-002 -0.937725155214120     
  0.884443943318129       0.372771509812028       0.280713933748168     
  0.324309599853389      -0.923554038897958       0.204624584735483     
 -0.943358787303649      -0.325219066435429      -6.562588851876154E-002
 -1.450383246998893E-002 -0.157188688185438       0.987462077828985     
 -0.331457142419188       0.932482855141852       0.143568407408898     
  1.425111256158221E-002  0.327488431732086      -0.944747708582828     
 -0.855533270371395      -0.485061428096843      -0.181047602194239     
 -0.517551668027779       0.810843226557538       0.273264583997432     
  0.354306612832687       0.374933928998449      -0.856674601577894     
  0.932330693496508      -7.080949362758993E-002  0.354606110461306     
  7.229316750078937E-002 -0.924343315277450      -0.374650681882174     
  0.478461764108393       0.849833835495690       0.221035726372404     
 -2.984823700191567E-002  0.267312544590005      -0.963147489355959     
 -0.877600947489335       0.454231720107182       0.153264873386964     
 -2.321345390198164E-002 -0.276839179700752       0.960635833258661     
  0.965690376488163       0.242399504364503       9.319107812440799E-002
 -0.258656591480082       0.929840066283690       0.261714001951450     
 -0.137948864199096       0.447562240916746      -0.883548612908143     
 -0.979611097631311      -0.193205692502572       5.507865087415426E-002
 -0.146055497204691       0.873132063831229       0.465089443920290     
 -9.419168789712989E-002  0.498156781582893      -0.861955768525289     
 -0.959968068905782      -0.274864417345932      -5.395237490979014E-002
 -0.263797711537526       0.822368149334598       0.504104547041098     
 -0.225669816314647      -0.905247352358468      -0.360000507017237     
 -0.199093209950471       0.404588556673376      -0.892563719608110     
  0.953643029522129      -0.129751034127216      -0.271532026447658     
 -6.600427193531543E-002  0.163458190961044      -0.984339807126600     
 -0.661436302468844      -0.745776955507455      -7.949056805905767E-002
 -0.747091328997160       0.645831365328327       0.157341646411949     
  7.293945863862175E-002 -0.168251919548960      -0.983041772734846     
 -0.965095489209571      -0.260500487110783      -2.702208212761521E-002
 -0.251536343459504       0.950700156612540      -0.181379933112480     
  8.145607520308207E-002  0.122568311700391      -0.989111680640458     
  0.837266372234658       0.529963832293367       0.134623023238402     
  0.540693933512682      -0.839115811689742      -5.945355191013393E-002
 -0.932471668164077      -0.360420795201598      -2.436059230435498E-002
  2.599006476551622E-002 -0.134195758038826       0.990613958642759     
 -0.360306958862416       0.923086317150555       0.134501102169146     
  0.148805259603227      -0.288542683941510       0.945833026626913     
  0.881363719596001       0.472406873773858       5.453383447777494E-003
 -0.448391557117505       0.832811422325028       0.324607680671182     
 -0.133677348360207      -0.491346646043998       0.860644432943561     
  0.894553503767363       0.313920673903877       0.318163227594416     
 -0.426502515154279       0.812423709598111       0.397571780500064     
 -0.892514257914566      -0.448826003439712      -4.442429577996837E-002
 -0.154368692287029       0.211443542291020       0.965122756578167     
 -0.423778959200196       0.868243541329137      -0.258001059454105     
  8.300604157671670E-003  0.506087625428235      -0.862442122903928     
  0.926172535422108       0.321279594650304       0.197443299939810     
  0.377008666479190      -0.800409106301180      -0.466057644449519     
 -7.780203792712166E-003 -0.464494191503373       0.885541989116580     
 -0.384783351130442      -0.815991185562010      -0.431393275072648     
  0.922974128089178      -0.344098141733892      -0.172381053870567     
 -0.195045342378137      -0.376590744728253       0.905614004640866     
 -0.893746408583662      -0.312045062667136      -0.322250269214579     
  0.403948847702800      -0.872242678301194      -0.275713689521383     
  0.997164552181522      -7.514241205534709E-002  4.058790847131343E-003
  3.264251644255294E-002  0.383319323543949      -0.923038873676585     
  6.780355442699088E-002  0.920554134262778       0.384685279025284     
  3.989412430708519E-002  0.418184164358688      -0.907485792464744     
 -0.796511819938823      -0.535054341168578      -0.281577294351560     
 -0.603305378347916       0.734056439707682       0.311743105425346     
 -0.687911245643086      -0.723420961535463      -5.865347840413512E-002
 -3.564193380653352E-002  0.114386332691101      -0.992796766437131     
  0.724919147679488      -0.680865536875405      -0.104471766631393     
 -4.091799486684172E-002 -0.100323593080455       0.994113119502749     
  0.809496903145042       0.579896545390230       9.184095188465780E-002
 -0.585696578011780       0.808489439211163       5.748343404341807E-002
 -0.264457137810500      -5.794483217501987E-002  0.962655088121084     
 -0.852680227047472      -0.452293980653400      -0.261470046978673     
  0.450553939793462      -0.889984579354489       7.020395891728075E-002
  0.617789111572222       0.739552116726795       0.267206437549188     
 -4.063645653377077E-002 -0.309328439308540       0.950086625016525     
  0.785293124905130      -0.597811494770675      -0.161046964258621     
 -0.858646969503662      -0.482765940146165      -0.172227839784705     
 -4.954211785092271E-002 -0.256269828767591       0.965334840054058     
 -0.510167580625190       0.837414366904557       0.196128064745386     
  0.229590979170175       0.208268366762475      -0.950743009277362     
  0.658987804116029       0.685604743347517       0.309323794632269     
  0.716256278373820      -0.697546000852570       2.016235066922603E-002
 -3.583656542353669E-002 -0.163473498665056       0.985896625317697     
 -0.889990875759938      -0.443512691256318      -0.105890196706909     
  0.454567906525231      -0.881233741937321      -0.129595950664072     
 -0.205939101349547       0.301040084970088      -0.931108991352085     
 -0.928784881933674      -0.359746142134579       8.911428791613743E-002
 -0.308135894739378       0.883152070971094       0.353687277001371     
  0.694642008839036       0.697342269653974       0.176596258482361     
  5.314157571600947E-002  0.195075965659303      -0.979347405445342     
 -0.717390028148185       0.689680452511112       9.845009363901466E-002
  0.926937412145918       0.353058662687026       0.127029975461926     
