 -0.529630577011314      -0.505381991172066       0.681234537361129     
 -0.814329162910837       0.527725690537031      -0.241606311962541     
 -0.237401487627242      -0.682711240969601      -0.691046955804223     
 -0.121091757667041       0.668211737227980       0.734050311937725     
 -0.954765417884814       0.123921209141096      -0.270308214333651     
 -0.271587523712650      -0.733577949611331       0.622979621502995     
 -0.121937754419859       0.921837932319332       0.367894020859665     
 -0.616227281662502       0.220254578868689      -0.756142749632771     
 -0.778071411492479      -0.318908681325323       0.541204334418580     
  0.821978490263121      -0.125352012455867      -0.555552188833793     
 -0.415712958515928       0.534692505693305      -0.735721863530886     
  0.389273808092311       0.835697790668778       0.387395282630833     
  0.968196671447788       3.333287311191024E-002  0.247959926132311     
 -0.171267313144819       0.810770915532635       0.559748184431676     
 -0.182380681119395      -0.584413759331960       0.790694533342621     
  0.820980017083699       0.562508849600160       9.785502373790553E-002
 -0.351148975042498       0.632588258385113      -0.690308983484851     
 -0.450206851209321       0.532368189766123       0.716866725165415     
  0.344965908623511      -0.928905398125397      -0.134659879775166     
 -0.306009389360365      -0.246930928367547       0.919447317815899     
 -0.887331265937830      -0.275970791840468      -0.369436525725450     
 -5.001336197914724E-002  0.156219981629558      -0.986455260497519     
 -0.618180146217405       0.770917075084493       0.153428061858972     
  0.784443733129550       0.617480510366813       5.801593635373842E-002
  0.788443575922015       0.567953015241678      -0.236190812829813     
  0.590232009385690      -0.590467783937073       0.550430714285608     
  0.173155718022249      -0.573390938723697      -0.800774580456947     
 -0.811223446220483       0.408416300276166      -0.418464629294893     
  0.405260270621769       0.908588839485134       0.101145607016000     
  0.421521806503313      -8.753540102011595E-002 -0.902583469940922     
 -7.814204262005019E-002  0.654067666805512       0.752389067181831     
  0.925276812575250      -0.233387618594769       0.298986687993385     
  0.371155818068053       0.719531588414461      -0.586956260711110     
  0.796016179116599      -0.472784546413560      -0.377932553846741     
 -0.590180649926307      -0.744843099793442      -0.311280511986584     
 -0.134331839253097       0.470832804042638      -0.871935449216458     
 -0.762947165039890       0.174194136592871       0.622549617407528     
 -0.537170882701073      -0.706608600458210      -0.460599314520389     
  0.359665213963984      -0.685828468740674       0.632677046627342     
  0.851004588832278       0.456877707327992      -0.258947775300538     
  0.118053514975646      -0.646894655722839      -0.753386137381847     
 -0.511717263133041       0.610565365005329      -0.604446339775403     
 -9.285578805442807E-002  3.227654138016241E-002 -0.995156282953254     
  0.994958190849183      -3.503114663798362E-002 -9.397349215253738E-002
 -3.789460498395793E-002 -0.998864877569419      -2.886096449096816E-002
  1.355192494062541E-002 -0.265552195579180      -0.964001232755169     
  0.997054324226939       7.637640893892957E-002 -7.022727244001447E-003
  7.549185300912824E-002 -0.961066426206134       0.265805012271355     
 -0.945942055151190       0.195653037198410      -0.258676472318984     
 -0.242358885088022       0.103610767095881       0.964638263682657     
  0.215536073813906       0.975184443055066      -5.059153000295841E-002
 -0.943475999170027      -0.117421526645309       0.309943904715685     
 -0.161816456304064       0.979304466946053      -0.121565601584933     
 -0.289255031865107      -0.164848251734180      -0.942950995779121     
  0.765603049283202      -0.260824913458410      -0.588066608002592     
  2.548583011254565E-002 -0.901106841853404       0.432847469703205     
 -0.642808247762715      -0.346376708345680      -0.683242806419381     
 -0.870409535414013      -0.448295420950722       0.203515248114238     
 -0.400785663443730       0.405115952488304      -0.821737133770575     
  0.285933720708818      -0.796813830574042      -0.532287165698644     
  0.699313384974216      -0.710990121227260       7.385009893806477E-002
 -0.641260582436828      -0.669643639634805      -0.374649517962390     
  0.315825355234117       0.214640265127213      -0.924220699604541     
 -0.795494108851859      -0.476886119485012      -0.373856592592044     
  0.366813987247102      -0.870054823820519       0.329320667900625     
 -0.482324187183151       0.124836823850775       0.867051985678405     
 -0.977653056386658      -7.981025305195016E-002 -0.194486053087650     
 -0.182228145559249       0.783012688287793       0.594713404041305     
  0.104820819992713       0.616864209926224      -0.780058422304176     
 -0.710005459654458      -0.404767125487840      -0.576242849313726     
  0.442894821159718      -0.892864700227637       8.146658503539887E-002
 -0.547481894358978      -0.197373253536863       0.813208075548721     
  0.413756829837717      -0.890684971375458      -0.188376133118107     
 -0.399816067272500       8.118800485826978E-003 -0.916559434750090     
  0.817895102145440       0.454548530791370      -0.352750953282978     
 -0.961844685408228       0.221952502750088       0.159974646975461     
 -0.209258254053231      -0.220118702627881      -0.952763737693674     
 -0.176254884365042      -0.949886752869153       0.258165397489780     
 -0.390102005735456       0.213686514906159       0.895633015508213     
 -0.573363026866555       0.704725118943538      -0.417872404152782     
 -0.720468781102783      -0.676535719735011      -0.152394735404910     
  0.903376047920697      -3.828309886842805E-002  0.427137121290379     
 -0.342866724383278       0.533787604686204       0.772989781558633     
 -0.257592945077859      -0.844751559586879       0.469084936042243     
 -0.164016417650017      -0.358891113303912       0.918855692441826     
 -0.909691233897948       0.415285236723664      -1.764329334650594E-004
 -0.381523883538713      -0.835903906529316      -0.394593696526835     
 -0.876449655005843       0.475279757204141       7.710482885077583E-002
 -0.279561925049067      -0.632691862313670       0.722181512796406     
  0.392021851818204       0.611400163357943       0.687392688310702     
 -0.601136239987575       0.524390236624277       0.603034079225039     
 -0.447879188780898       0.403877568777748      -0.797676088205698     
 -0.661845490451267      -0.749598418602564      -7.921969326473301E-003
 -0.768508567104185       0.639456335114166       2.213995866816185E-002
 -0.602273004473210      -0.711272459737610      -0.362434430072015     
 -0.216013449512636      -0.291868263949839       0.931746267032219     
 -0.376173752404147      -0.214010086163725      -0.901494864667778     
 -0.544937000430409       0.837994028660196       2.845476219861590E-002
  0.749357707349536       0.501961842125500      -0.431853372669293     
 -0.188880403824659      -0.981988746866757      -4.721660521079446E-003
  0.214512682250934      -4.595152592899235E-002  0.975639670379536     
 -0.958284144815431       0.183266358865590       0.219328382804452     
  0.889384497561570       0.341807058182888       0.303583844223505     
  0.456526840565146      -0.629113205893811      -0.629126233766830     
 -2.405118169250567E-002  0.698129292571516      -0.715567628888348     
  0.351725329982443       0.917072301416362      -0.187796928152879     
 -0.835960485572242       0.217432964843817      -0.503877933989044     
 -0.421259253679406       0.334217443850825       0.843112887705607     
 -9.964398970929961E-002 -0.152731864995215      -0.983231433961452     
 -0.377824455351308      -0.908333001727065       0.179387398977702     
 -0.920499731805058       0.389363757158459       3.280409057009983E-002
 -0.540790387447853       0.420434875035456       0.728546685324924     
 -0.818843392003108      -6.495865175310186E-002 -0.570329617795979     
 -0.192461051169202      -0.904994414025022       0.379399333640118     
 -0.156076195497407      -0.983407602691251      -9.246463198502809E-002
 -0.905526940452412       0.179848159804041      -0.384285830509037     
  0.394539201238550       2.375134489204782E-002 -0.918572094232000     
  0.731876424261176       0.214979971510892       0.646637851861350     
 -0.474251350299963       0.842103502313073       0.256802157566377     
 -0.489328679263067      -0.494616319222513       0.718270241907164     
 -0.838294428926607      -0.519739406383030      -0.164722190014680     
 -0.164949061054599      -4.619936707048335E-002  0.985219480998777     
 -0.519667449132439       0.853074772769000      -4.700185504083536E-002
  0.908679616946737      -0.307610239857654       0.282271667158253     
  6.742815295323387E-002  0.775364523610637       0.627903893693438     
 -0.412013104081456      -0.551530412453120       0.725299528611590     
  0.136155268430361       0.990446160813981      -2.186653624771759E-002
 -7.112409138226093E-002 -1.224255948430726E-002 -0.997392341740357     
 -0.988131118072800       0.137355459542352       6.877769427808296E-002
 -0.958487132791436      -0.267808221722458       9.788346464594488E-002
 -0.153454148274497       0.773823519247468       0.614531517041086     
 -0.240321119859671       0.573999928081399      -0.782796168815563     
  9.874520107320162E-002  0.331987967045447       0.938100940731868     
  0.316855353790634      -0.904132170684415       0.286614205348756     
  0.943319707225110       0.268940528129332      -0.194470877743389     
  0.494810485382841      -3.278683243477685E-002 -0.868382178061067     
  0.860956698342153       0.154149228049503       0.484759300139263     
  0.117966720455220      -0.987503437518513       0.104502697354728     
 -6.530642101417561E-002 -0.389246299433795      -0.918815753974354     
 -0.712564062939418       0.662789217942985      -0.230136717595941     
  0.698561040698352       0.639685681374509      -0.320647316319287     
  0.898298311920456       0.414871052812948      -0.144714036426103     
  0.155508251113986      -0.608226414886610      -0.778381533741456     
 -0.410946865952741       0.676714591073836      -0.610884633618890     
 -0.797579016018103      -0.554394186081453       0.237728415732473     
  8.264212097212852E-002  0.289959539427610       0.953464076583989     
 -0.597526562630342       0.780109320501982      -0.185449332749353     
  0.884617780169159       0.221007359930373       0.410617985316292     
  0.356158947891841      -0.888605085705196      -0.289018694024163     
  0.301001971497245       0.401916345170720      -0.864789607152642     
 -0.475474860558453      -0.275867765524202       0.835356590278426     
 -0.804690588665529       0.520126775413812      -0.286253723138664     
 -0.355523154647012      -0.808310035470596      -0.469295400646189     
  0.766170685481205       0.526360883992670       0.368682384325128     
 -0.420443284588678      -2.331235555892568E-002  0.907019282332265     
  0.486014326078513      -0.849941617924860       0.203443655506103     
  0.207942419112548      -0.978128784029071       4.902263499200102E-003
  0.179252400021767       3.317974048673986E-002 -0.983243449969382     
  0.961576064292439       0.205336764060977       0.182231407569936     
  0.187738537927179      -0.966111717603828      -0.177150756378671     
  0.524299680887219      -5.394367283106667E-002  0.849823466834751     
 -0.830580571647530      -0.252424700197997       0.496404758973313     
  0.929923349142133       0.346120412869315       0.124270770961835     
  2.880308788762175E-002  0.268331886352506      -0.962895830759816     
 -0.366623712883409       0.898998697753057       0.239558749766978     
  0.213639887913100      -0.952430266477996      -0.217335192247221     
 -0.763047461981185      -2.377018092661408E-002 -0.645905216934160     
  0.610013581042725       0.303828184991744      -0.731827756338936     
  0.367017454415045       0.712859167068172      -0.597603544234452     
  6.420970575913829E-003  0.640479837271487       0.767948142250226     
  0.930191893799997      -0.285687567064967       0.230490031742979     
 -0.148120487261450       0.616069667356708      -0.773639765146786     
 -0.751521536601708      -0.578619069010491      -0.316883816250122     
 -0.642865227926632       0.534469959811045       0.548694961506178     
 -0.229183313790322       0.435415198782712      -0.870567983186368     
 -0.477357262638212      -0.829715004523199      -0.289314802724743     
 -0.848295380446446       0.349265824177266       0.398005441640178     
  4.958217812214102E-002 -0.139653483829054       0.988958296424621     
 -0.951043879813182      -0.309029444357439       4.042423785839421E-003
  0.305052694271961      -0.940743167381248      -0.148138944045324     
 -0.200878535817099       4.757040201919521E-002 -0.978460459446223     
  0.919170145576426      -0.336271795768563      -0.205054926426041     
 -0.338783201072646      -0.940562776332576       2.382449262145883E-002
  0.400646578423415       2.263051915527529E-002 -0.915953153169097     
 -0.854974797503806      -0.350165282843409      -0.382625626852870     
 -0.329394011528453       0.936414509869157      -0.120943998921648     
  0.999691698757450      -2.481368382060057E-002  8.879925102816197E-004
 -2.954833624937784E-003 -8.338247436331159E-002  0.996513237206230     
 -2.465312137838516E-002 -0.996208634807136      -8.343008775016085E-002
  0.951575344203722       0.148640534396869       0.269091723837369     
  0.305715124658722      -0.365615525979243      -0.879126583443959     
 -3.228973301812391E-002  0.918820591136824      -0.393352379482358     
  0.807552668601911       0.540501065980793      -0.236045091259185     
 -2.526423028987482E-002 -0.368146996985330      -0.929424288082961     
 -0.589254109957492       0.756522561649209      -0.283642746450425     
 -0.182777894991618      -0.963921441190594      -0.193514072654948     
 -0.903480657166819       0.242299411234015      -0.353572761169598     
  0.387704711382120       0.110210936520373      -0.915171353487087     
  0.282704380197660       0.215491921576255       0.934687897189445     
 -0.959108697940552       4.954843249124126E-002  0.278667289742526     
  1.373822957278555E-002 -0.975247755482001       0.220687735216875     
  0.273740091506927      -0.303943076508601       0.912515736052944     
  0.194294121470468       0.946669590215842       0.257034008105141     
 -0.941974605105507       0.106935930365292       0.318195773279764     
 -0.697593460210851      -0.456309442262029       0.552399363842435     
  0.688612765354711      -0.214005158659714       0.692830608054778     
 -0.197928834840878       0.863703354728491       0.463509106025807     
  0.414793976768837       0.345323277451589       0.841841903736318     
 -0.511300415473206       0.853763451167640      -9.828455925143202E-002
 -0.752673795195138      -0.389666271956314       0.530699872363343     
  0.608877976850818       0.789808792598273      -7.395728794719340E-002
  0.118762914202679       1.420176138812171E-003  0.992921624958298     
  0.784323262128657      -0.613351493219173      -9.293527989769766E-002
  0.681896245666556      -0.103302769677649       0.724117426887879     
 -0.355133414423221      -0.912220508271721       0.204289016465841     
  0.639451145988461      -0.396462207613026      -0.658726005125540     
  0.103339401273870      -0.139721508379149       0.984783665705647     
 -0.907977306654348      -0.417465746343356       3.604942760572786E-002
  0.406076567589225      -0.897886546689578      -0.170004619139231     
  0.428723654248627      -3.539527571463293E-002  0.902742046625062     
 -0.859343762259877       0.292375646083459       0.419576905754223     
 -0.278790829391362      -0.955648290970185       9.493164600337788E-002
  0.101178331826451      -0.180986291509499       0.978267298571535     
  0.115548036950921      -0.974520882684851      -0.192243856515406     
  0.988135413961823       0.132487778669331      -7.768778654114529E-002
 -0.480211267197900       0.723922092221317      -0.495311965583410     
 -0.349818583511090       0.359773516774134       0.864979754247618     
  0.804378081182221       0.588642354084224       8.047410447889124E-002
 -0.669104389072927      -0.627519866171624      -0.398143358708058     
  0.604044985892731      -0.771307573630382       0.200534989162210     
 -0.432930677523978      -0.106317658082953       0.895135511550301     
  0.482557888671208      -0.133570517893120      -0.865619316345769     
  0.872338305001545       0.161882867560161       0.461323984654532     
  7.850965359870822E-002 -0.977728415225967       0.194636533958951     
  0.486810487750374      -0.716078855177059      -0.500246561392049     
 -0.548448446772010       0.195166627086346      -0.813089348660473     
  0.679867524043785       0.670179872004491      -0.297723174963600     
 -0.542144331393024      -0.425880763746349      -0.724365307706845     
  0.572348957569633      -0.818311981322032       5.274629838934603E-002
 -0.615220443993436      -0.385993622091904       0.687395613163974     
 -0.713654032734683       3.514138099111762E-002 -0.699616326927530     
 -0.391970980019930      -0.847779185690791       0.357252296188162     
 -0.580565820888228       0.529183839182107       0.618795436283054     
  0.590067348496967      -0.607168157118236      -0.532134713413252     
  0.807318383456057       0.449932098125628       0.381835219447031     
  7.586301577019686E-003 -0.654910632115664       0.755668255235552     
 -0.560961282669361      -0.767697135786203      -0.309779836418756     
 -0.827428349281404       0.508117522122641       0.239121121019041     
 -2.616803682764210E-002  0.390458309448801      -0.920248630768310     
  0.302509513714054      -0.906222035650629      -0.295380460108167     
  0.572851780627399      -7.482408011315035E-002  0.816236604464192     
 -0.761793168480968      -0.416128560827503       0.496495910677045     
  0.394533917175575       0.635792388709942       0.663408642283608     
 -0.217086922084676      -0.637043265668455       0.739627707651795     
  0.892869674956943      -0.435825556989131      -0.113312962264572     
  0.949145276221422       0.279820411294398       0.144304476886877     
  0.303445173030030      -0.690862908156556      -0.656223642593193     
 -8.393015900947223E-002  0.666640067470077      -0.740639418915947     
  0.108709472919011      -0.229097958007448       0.967314000795246     
 -0.563690725018602       0.787303000860899       0.249813433112461     
 -0.818800963009795      -0.572423017070691      -4.355309979835530E-002
 -0.362306581109019       0.450309912319733       0.816060613037846     
 -0.837638027273715      -0.541299793649690      -7.319199860504561E-002
  0.408774358968760      -0.710081344820081       0.573313184209654     
 -0.740692307865955       0.253094932727747       0.622348664412318     
  0.662457425140535       0.120825215034846       0.739291165433478     
  0.111915436577302       0.959866773276045      -0.257158924823491     
 -0.941292580398055       0.197530417566220      -0.273769998764798     
 -0.222793812001149       0.245796359446535       0.943370058363523     
  0.253635950570103       0.948981498143662      -0.187357734720125     
  0.947281741185162       0.230937728581320       0.222092476988470     
  0.319454541775284      -0.627497041718255      -0.710067784351577     
 -2.461906895876773E-002  0.743582697588181      -0.668190596530005     
  0.701133656182901       0.570744545898202       0.427390055447055     
  0.525443122951229      -8.388683352480122E-003 -0.850787373281292     
 -0.481997013176234       0.821084827115413      -0.305775384833632     
 -0.788999657356351      -3.229170858580765E-002 -0.613544445210110     
 -0.225911057387837      -0.913412119538911       0.338588975055828     
 -0.571352548643550       0.405753059675527       0.713386795309846     
 -0.392721614436725       0.255098559781783      -0.883569158782428     
 -0.297560389304879       0.873832487337647       0.384544664232936     
  0.870188225771195       0.413934184225651      -0.267265678414703     
 -0.949106779395633      -0.109277829929125       0.295389026863351     
  3.660422646647873E-002  0.893250729430878       0.448066139064313     
 -0.312820159053193       0.436075097038529      -0.843790292568331     
  0.237287565499887       0.710743144280932       0.662222616736057     
  0.751534015455807       0.297637443939265      -0.588734724284309     
 -0.615541416049418       0.637382251732103      -0.463521984705252     
  0.838246160006606       0.469755467700517       0.276899215960672     
 -0.497432453507666       0.866781095594086       3.537635535308588E-002
 -0.223392769425111      -0.167392750399419       0.960247539794989     
  0.881838223700747       0.465134334738875      -7.753320493403139E-002
 -0.273457423422588       0.638377240555463       0.719510622795715     
  0.384164528288827      -0.613289939089008       0.690139888585469     
 -0.997557539051381      -3.475676905891621E-002  6.058814476724662E-002
 -6.842439961395140E-002  0.311927871062863      -0.947638699500843     
  1.403772842092995E-002 -0.949469836413149      -0.313544210474325     
  0.878764223109578       0.477234909276576       4.503504238816503E-003
 -6.849697035744051E-002  0.135455322479926      -0.988412879652914     
 -0.472315154567905       0.868273399903274       0.151722436659365     
  0.819821579270264      -0.403711730758393       0.406090404480165     
 -0.142909337354464      -0.830991010536289      -0.537615905368125     
  0.554499323227523       0.382715009969495      -0.738958538542235     
  0.290100920407675      -0.944261578424689      -0.155600538204526     
 -5.099015348071148E-003 -0.164115487694841       0.986427953142649     
 -0.956982474249807      -0.285370247590107      -5.242485831441260E-002
  3.444875829396809E-002  0.126212595746424       0.991404893939384     
 -0.924305056624615      -0.373253846539887       7.963496933725438E-002
  0.380096626333646      -0.919103882441130       0.103800808916407     
 -0.515383053424911      -0.447843806856823      -0.730627287269239     
 -0.839065017649835       9.039006240184660E-002  0.536469507777756     
 -0.174213100537032       0.889531090675819      -0.422355578064605     
  0.898489177073868       0.145289893126918      -0.414256014604913     
 -6.888368323032729E-002  0.978615495456401       0.193821439054662     
  0.433557651144300      -0.145610985189172       0.889283534158980     
 -0.860616796066948      -0.505998442726523       5.748309565246220E-002
 -0.146442465339508       0.354009579703801       0.923705484352679     
 -0.487743103152367       0.786538488210325      -0.378766249672484     
 -0.671141364093660      -0.636353197118715      -0.380294462120179     
  0.633719882341797      -0.226294289354427      -0.739722924702420     
  0.384666583065489      -0.737458814526189       0.555145131249843     
  0.500804860805879       0.683158859706980       0.531496438179098     
 -0.854182062345590       0.290836249232419       0.431030486740158     
  0.139883865259936      -0.669856886608085       0.729194251008248     
 -0.251824100044938       0.615152176319601       0.747109377939942     
  0.938466298530412       0.343763979237599       3.327661493188854E-002
 -0.236359110590488       0.709516826120473      -0.663867640643020     
  0.334409295011615      -0.146654672747861      -0.930947275827740     
  0.141492412743031       0.984434294913238      -0.104254573687938     
  0.931745845467517      -9.685827770469332E-002  0.349954502034307     
  0.361550049581844      -0.926816170267463      -0.101456139183820     
 -0.908074951705817      -0.374715197759547       0.187051871555704     
 -0.211379856494782       2.450116525426057E-002 -0.977096847384725     
 -0.256821618076165       0.744402089728466      -0.616366924239640     
 -4.820696948692459E-002  0.627097275753434       0.777447808431869     
  0.965255792306699       0.229378585640808      -0.125166768224607     
 -0.915139755998673       5.646607204275129E-002  0.399162635649634     
  0.167447571610320       0.953930341993829       0.248954239540794     
 -0.366715881511141       0.294666736045298      -0.882434687053869     
  0.200973729037787       0.874911227491630       0.440613100401865     
  0.398597829508329      -0.483908327811441       0.779071563199417     
  0.894834806289808       1.905450822963724E-002 -0.445990577443286     
  0.941469235528079      -0.284456298365625       0.180887514423387     
  0.129445441784539      -0.190395591753594      -0.973135857032285     
  0.311254809047730       0.939592535603037      -0.142430021005841     
 -0.237924388583862       0.720003667087627       0.651910043408905     
 -0.952439625944652      -4.138023889869559E-002 -0.301904678266282     
 -0.190396282125911      -0.692735443881098       0.695605391399219     
  5.503802869144494E-002  0.704589528500833      -0.707477499094287     
  0.757362545764089       0.432274625101730       0.489428874063357     
  0.650671030299871      -0.562754160197944      -0.509838175805160     
 -0.580298033927546      -0.699140846036370      -0.417679625099659     
 -0.402367173514203       0.692024847322300      -0.599334854957357     
  0.708064156343197      -0.179732267810184      -0.682891984438134     
  0.634443764178543       0.772929669060880      -7.799793611781333E-003
 -0.340756882734437       0.288732204251421       0.894716972621641     
  0.693805345153984      -0.564989770627504       0.446565451107080     
 -0.539968153558407       0.828457303361235       0.148636770854866     
  0.818094835955224       0.475069018875102       0.324083734069490     
  0.197876811491657       0.296593870153243      -0.934278782624015     
 -0.470522769101232       0.462668928399953       0.751362619811873     
 -0.727594335761342      -0.685178200750864      -3.372411279474860E-002
  0.499214188826197      -0.562555149215624       0.659027235981720     
 -7.009382369577045E-002  0.687024223533355      -0.723245858721698     
 -0.997284326970817      -6.468963730841086E-002  3.520258517861839E-002
 -2.260148353683973E-002  0.723749243248881       0.689692834411577     
 -0.889495956477796       0.455075246862195      -4.127303118266257E-002
  4.500179793183978E-002 -2.641664815549257E-003 -0.998983413170563     
 -0.454721652874100      -0.890449067212880      -1.812945413124927E-002
 -0.976651491479070      -3.626101525008370E-002 -0.211747498131099     
 -0.179963335611347      -0.400198390529904       0.898584690528877     
 -0.117324601117565       0.915710864296341       0.384328701741499     
  0.940408074267147       7.769407237187111E-002  0.331053296270280     
 -0.182206576679199       0.937124620342366       0.297654513426263     
 -0.287112203272425      -0.340236795579913       0.895435930519663     
  0.245496055103390      -0.263926677980338      -0.932777784672706     
  0.928948751300787      -0.211002677041676       0.304190873857115     
 -0.277102696459955      -0.941180417843076       0.193374033114787     
  0.776065972292323       0.434842435990520       0.456764340236627     
  7.505223506178883E-002  0.655444605189767      -0.751504844654950     
 -0.626169919959651       0.617498522580871       0.476032358089594     
 -0.605514149569222       0.180542681782154       0.775085127406252     
  0.343562402855701      -0.819197706778231       0.459216716326075     
  0.717856176413801       0.544352328243542       0.434008125177774     
  0.942422089236470       0.147816286344530       0.299984918305023     
  0.330216679279745      -0.553177524518574      -0.764821267416751     
  5.289187503402004E-002  0.819844480288104      -0.570138121595626     
  0.761823946018311       0.647659668232290      -1.269761467220798E-002
 -0.644397416954922       0.755693653561209      -0.116957560632709     
 -6.615318809349661E-002  9.728338045414901E-002  0.993055738411817     
  0.387546533276546       0.677179482951716       0.625488315170266     
 -0.673967589560961       0.671063127836720      -0.308936832830589     
 -0.628947829924464      -0.301831453508928       0.716465212627970     
 -0.902676312519143       0.387245324693403      -0.187660686665946     
  0.241628318433275       9.526722770770381E-002 -0.965681060731740     
 -0.356077562544956      -0.917041555126067      -0.179564906437926     
 -1.319798296480803E-002  0.543096094007402       0.839566820401787     
  0.719698479641556      -0.577736794999422       0.385038042413257     
  0.694161300885699       0.609316689725254      -0.383240472777859     
 -0.251384608335624       0.532930189086573       0.807954944444383     
  0.113753401741551      -0.812708584211462       0.571458590574372     
  0.961179453736019       0.235563517356032       0.143679807233626     
  0.901554107299157      -2.465246220493130E-002  0.431963479612878     
  6.604640769525189E-002 -0.978833402553015      -0.193708652561042     
  0.427595677764121       0.203168467419763      -0.880843067863751     
  0.291089551764829       0.884283346928809      -0.365116194105000     
 -0.120018783575963      -0.344874309498647      -0.930944253023122     
 -0.949137695196130       0.314808946810899       5.741303467712349E-003
  0.915720515524971      -0.148130180161355      -0.373514908901921     
  0.366986233999426      -7.024003920506430E-002  0.927570720186529     
 -0.163636919738605      -0.986470367835714      -9.958507952296115E-003
  0.625488674072814      -0.647802199472034       0.434874957850922     
 -0.111292763692107       0.477589628750881       0.871505632373862     
 -0.772255035177132      -0.593515338360230       0.226631206533251     
 -0.463258440699679      -0.237205144371696       0.853888363080395     
 -0.856109016826558      -0.129256633399907      -0.500369937176876     
  0.229061058298457      -0.962822123866013      -0.143194236495335     
  0.464912046988849      -0.880336038543792      -9.415544490699475E-002
  0.885288668497655       0.460919934226062       6.178015589730308E-002
 -1.098917622967939E-002 -0.112077087195016       0.993638749511953     
 -0.838741155132634      -0.523696997613793       0.149180190967427     
  0.462225447353561      -0.539903020904428       0.703457435696782     
 -0.287855711261064       0.658973582709111       0.694904962412668     
  0.165844657245715       0.383906779356665       0.908356281657748     
  0.621601027060265      -0.755780392471184       0.205932419773455     
  0.765576719095360       0.530482406042021      -0.363978988485926     
  0.575711417401229      -0.788627307759315      -0.215924369467926     
  0.228717398114642      -9.821261578700916E-002  0.968526010956848     
 -0.785012557653477      -0.606977142532259       0.123830661671444     
  0.196952359538185      -0.400871986548727       0.894713036941346     
  0.809002931938748      -0.449062253654587      -0.379285312735899     
  0.553826709528228       0.798526607410908       0.235862742013222     
 -0.265647152095740       0.813750036877752       0.516954996169764     
 -0.957459013134527      -0.285379721990227      -4.278612443575106E-002
  0.112711262750956      -0.506329232573304       0.854942617659856     
  0.727101472055310       0.570335557889684      -0.382152849971910     
 -0.403121700567345      -9.589132300159164E-002 -0.910108646648686     
 -0.555712465099378       0.815795443465993       0.160191917878742     
 -0.817813984625457      -0.535911609910173      -0.209711785349594     
  0.391332207289664      -0.250691943582600      -0.885444889849489     
  0.421947141344516      -0.806196189389600       0.414738850513109     
 -0.902141877530218      -0.392427358820601      -0.179278556596548     
  0.376428885009941      -0.512900850828698      -0.771514103402752     
  0.210811117677470      -0.763500808950635       0.610430329681694     
 -0.625577065969779       0.519149049137450       0.582355217468107     
  8.640074257130800E-002 -0.695760074023812       0.713058785148561     
  0.775363299502818       0.496389145906773       0.390396682376092     
 -0.795540647944358      -0.507503513748290       0.330991330704296     
  0.276029114872217      -0.789865739051820      -0.547649561320919     
  0.539372788719553      -0.344314242814987       0.768456047528790     
 -0.432132896006575      -0.819838995556873       0.375666316766974     
 -0.826821326238064       0.526497619916286       0.197905913758082     
 -0.360038407210733      -0.225087266603137      -0.905377306843028     
 -0.372092847332306       0.536315053644897      -0.757570509060339     
  0.866302386093324       0.493707191719808      -7.598279208560228E-002
  0.333267293344395      -0.684557793088271      -0.648315925385746     
 -0.159035056392544       0.653294649590096       0.740212099100786     
  0.941967640890627      -0.124110200148225       0.311919255151238     
  0.295643052266026       0.746861941081750      -0.595644547201532     
  3.914177083278604E-003  0.929194822323648      -0.369569562308353     
 -2.201546338741063E-002 -0.369402746675603      -0.929008573760414     
 -0.999749968036815       1.177254923768965E-002  1.901074682511483E-002
  7.709808731866681E-002 -0.120601353951463      -0.989702580756924     
  0.983556918757852      -0.153399503833004       9.531201281792653E-002
 -0.163314642624078      -0.980777194702892       0.106791487749387     
  0.651269710765742       0.756604493863371       5.828725164945997E-002
  0.748767053963213      -0.628243377642203      -0.211324767474042     
 -0.123270688885761       0.181272993891637      -0.975676400732977     
 -0.978943584318735      -1.659909906922430E-002 -0.203454979372009     
 -0.202498110472118       0.204780075483978       0.957632307276662     
  2.576769249303069E-002  0.978667252233814      -0.203829427288399     
  9.621935478549662E-002  0.502605814538904       0.859144476183374     
  0.660252974100179      -0.678145898738097       0.322775696446567     
  0.744854244773105       0.536195426329251      -0.397097744676353     
 -0.662121276031550      -0.285943263017589       0.692698972253625     
  8.955716203367438E-003  0.921256945193746       0.388851431885726     
 -0.749343186379597       0.263670421676720      -0.607422997390685     
 -0.631221767635354      -0.491023798436439      -0.600378804949291     
  0.186594035846636      -0.847485430995532       0.496941757187671     
 -0.752822519489125       0.201653350131575       0.626573364045297     
  0.823564105472450       4.141172186576955E-002 -0.565709495650795     
  0.231647774589909       0.885816944916333       0.402079157165113     
  0.517765847372061      -0.462183307131649       0.719934106640146     
 -0.591853213786936      -0.762528396090109      -0.261266565955815     
  0.692292584569794      -0.646900445007712       0.319766776883453     
 -0.412844705282296       8.382088353532446E-003  0.910762861515104     
 -0.113782825554522       0.972407030023802      -0.203661573619342     
 -0.993484232467137      -0.112709964632185       1.689803869682606E-002
 -6.522917137166058E-003  0.204257268739519       0.978895510112868     
  0.907050060565792       0.138176180194757       0.397702817257289     
  0.397935654672745      -0.589868262796294      -0.702639770640584     
  0.137504190364714       0.795589577465976      -0.590025272221216     
 -0.195147035108302       0.850287753303751      -0.488802998425847     
  0.487170791711072       0.516590625833125       0.704129778524492     
  0.851223974281783      -0.100721705123349      -0.515046486955295     
 -8.950834936969643E-002 -0.460174754075696      -0.883304846077763     
 -0.616744825974357       0.721983003444176      -0.313634121822870     
  0.782057590607663       0.516700821026206      -0.348433905531481     
  0.633543642340778      -0.696463791546261       0.336987596677689     
  0.253892841484743       0.598573490379626       0.759768518469642     
 -0.730863105028838      -0.395787776061486       0.556049600330648     
 -0.833672872155674       0.403711092544733      -0.376838023543315     
  0.162934009078386      -0.472182932404112      -0.866311599271234     
 -0.527676085223993      -0.783620209095277       0.327867834622465     
  0.794174374313379       2.183843347367868E-002  0.607297411494064     
 -0.482589149514569       0.630010784284514       0.608435801425298     
 -0.369316633736902      -0.776279263222140       0.510877411456623     
 -0.889108790982015      -0.455131643149334       4.838124846146207E-002
  0.108960522295253      -0.313145163850017      -0.943433999248748     
  0.444537020257773      -0.833543816341737       0.328011499583206     
 -0.351916411659814       0.897893730432262      -0.264464908929176     
 -0.911070202694495      -0.393389210480000      -0.123272117042518     
 -0.214722902752893       0.197564617096362       0.956484342320775     
  0.750385885195924      -0.489871874545155      -0.443786626464034     
  0.633450192132646       0.341127066992004       0.694530905181699     
 -0.188843526194957      -0.802282911880275       0.566286369180129     
 -0.734290954499277       0.425413389469374       0.528999283743108     
  0.569121770302587       0.810566597414542       0.138138342698533     
 -0.370023248875360       0.402498744365755      -0.837303741826062     
 -3.449555857632870E-002  0.499001668148889       0.865914194145779     
  0.970107722426628      -0.191530759207759       0.149020049542061     
  0.240210456322634       0.845170576547668      -0.477478411251591     
 -0.971648174080833       0.104954495187663       0.211859339528022     
  0.114988449084169       0.992729611151851       3.557493105382643E-002
 -0.206585290818448       5.892769367779568E-002 -0.976652468657734     
 -0.917291724812291      -0.293642040799726      -0.268980005699021     
 -0.374222826099025       0.866569064041025       0.330174701746686     
  0.136136578543019       0.403524979551444      -0.904784185792749     
 -0.241459212620202       0.516587743131126       0.821483141815794     
 -0.826242548913636      -0.553412896493325       0.105154250316247     
  0.508940761784179      -0.653353862498368       0.560453415863295     
 -0.124135781155503       0.961840842017187       0.243828838459809     
 -0.963793482883887      -5.843454385077980E-002 -0.260168265619461     
 -0.235992436716504      -0.267296836331243       0.934269752855110     
 -1.516897673469148E-002 -0.997559630908822       6.815192532782008E-002
  0.977284721965560      -3.818873058809499E-004  0.211930239406279     
 -0.211387025045375       6.981860026633815E-002  0.974905579376403     
 -0.531801543136399       4.599755408452537E-002  0.845618911647544     
 -0.836109623367224       0.130145110962347      -0.532900504602253     
 -0.134565286870338      -0.990427420415550      -3.075237322000231E-002
 -0.509379882295341      -0.698219744923183      -0.503012249664157     
 -0.828928218542560       0.241132726868211       0.504710824667912     
 -0.231106347850017       0.674050588481878      -0.701602209340240     
 -0.169001907417357       5.495025236591780E-003 -0.985600405837457     
  0.227984598688782      -0.972646589505481      -4.451555552927333E-002
 -0.958885487453983      -0.232224926786541       0.163126347746049     
 -0.672967043744594       0.272936439892473       0.687474405205299     
