  0.407664425982985      -0.385194042206023       0.827910179691585     
 -0.888633751115579      -0.375962992382576       0.262644026653888     
  0.210094674292798      -0.842779554929920      -0.495563164113416     
 -0.966861855886263      -0.188889565273753      -0.171752390850466     
  0.249492838314180      -0.841756192631592      -0.478748196650696     
 -5.414309985672906E-002 -0.505734361396516       0.860988548379778     
 -0.166380785603580       0.819915863826407       0.547773137738382     
 -0.980452057282012      -7.838922111621807E-002 -0.180468538488627     
 -0.105029508012694      -0.567091797029898       0.816930655678951     
  0.741091348628077      -0.600307558835672      -0.300689952930530     
 -0.294887265154585       0.111316519578430      -0.949025886537662     
  0.603179172251705       0.791984512016322      -9.452734465771498E-002
  0.794380465005266       0.136845872619839       0.591804768454064     
 -0.386864457875237       0.865111944752431       0.319244756072186     
 -0.468290046927020      -0.482550028695084       0.740168833277560     
  0.541383282452102      -0.133134711093986       0.830168230049373     
  9.282397470872075E-002  0.990811971881253       9.836333715399337E-002
 -0.835636195482646       2.380724844871012E-002  0.548767130685379     
  0.183519799990522      -0.973439709512663       0.136878102541412     
 -0.176596587112631       0.104329921759471       0.978738429227054     
 -0.967023333964375      -0.203790086534058      -0.152759524085519     
 -0.201299085442684       0.700217917324813      -0.684962441639872     
 -0.954184034113551      -0.298220301513545      -2.444342054526054E-002
 -0.221385426897792       0.648659787579372       0.728168231066722     
 -0.354535748972921       0.790021462275520      -0.500170462786741     
  0.745387967339250       0.561750240913571       0.358933761269991     
  0.564536252906930      -0.245566194696243      -0.788033034318023     
 -0.928983930302244      -1.203681542217383E-002  0.369924279163568     
  4.206221576241471E-002  0.989562493840221       0.137829027384933     
 -0.367722214783621       0.143600786415729      -0.918781359680075     
  0.948127172156471       0.293697454860012       0.121641565376814     
  0.228791032909846      -0.896110354395075       0.380316836343033     
  0.220702353133346      -0.332758227178081      -0.916821920313140     
  0.902128500424655       0.272439719623751       0.334575504023970     
  0.429039794229446      -0.484279412000143      -0.762494790854532     
 -4.570583867660451E-002  0.831414487655935      -0.553769740981553     
  0.721463439580690       0.314266150757272      -0.617031029881492     
  9.584018449636787E-002 -0.927823295660449      -0.360497699112590     
 -0.685787987926386       0.200949542218868      -0.699509912079837     
  0.606351190047328      -0.417936510877951      -0.676511128661873     
 -0.603095216261949      -0.796182285342953      -4.868191274002912E-002
 -0.518280227724607       0.437518961167717      -0.734821586624127     
  0.840828914685382       0.184111669241778      -0.509028122482482     
  0.529411889755605      -8.369967023227280E-002  0.844225927218777     
  0.112826358686709      -0.979335110394807      -0.167848009620286     
 -0.526694323692636       0.165790667913622      -0.833730498316275     
  0.624902892195286      -0.589389013008325      -0.511973599584011     
 -0.576272040546751      -0.790654188490633       0.206824779720083     
 -0.924403657121039       0.370210378723359      -9.177229531166628E-002
 -4.955420913338184E-002  0.121998451712111       0.991292468516225     
  0.378182838133044       0.920902086687365      -9.443033239515167E-002
 -0.696873529313198      -0.293304600905197       0.654476657513781     
  0.553743506283387       0.359887389670522       0.750898925292304     
 -0.455780005475903       0.885693783338224      -8.838047728070657E-002
  0.601940898548563       0.681854007318692       0.415622746439585     
  0.195644426798971       0.378688050876013      -0.904609649730881     
 -0.774203082477103       0.625835819386498       9.454688919146574E-002
 -0.398155822094179      -0.146894431537019      -0.905479965165408     
  0.167389772059890      -0.982156385187660       8.572922048440855E-002
 -0.901916074555848      -0.117434496714355       0.415639908381287     
  0.689672017225809      -0.677449496572275      -0.255762953239246     
  0.141933871035599       0.472821373175408      -0.869652071417875     
  0.710075548733106       0.563473272358664       0.422244699705017     
 -0.821047071349971      -0.515422009988816      -0.245401422666526     
  0.500319440947882      -0.856707792676106       0.125428126740430     
 -0.274885728325907      -1.979670647121260E-002  0.961273076069199     
 -0.820291792572812       0.298323480120807      -0.487979995743992     
 -0.336653995290743       0.437891421189744       0.833615733238789     
  0.462369400471643       0.848088559324283      -0.258766947368219     
 -0.237795176412070      -0.579062823692412      -0.779833123361993     
  0.115202496134467      -0.814009994478973       0.569311965246414     
 -0.964459350600003       4.554091682963171E-002  0.260277132946374     
  0.168697614716861       0.104399189935058      -0.980123422804354     
 -0.833753007938224      -0.515264844414577      -0.198388663648808     
 -0.525734758735656       0.850648546258346       1.191884344775331E-004
 -0.749077412839702       0.111338118001989       0.653059609111731     
 -0.251229606976946       0.864402425177542      -0.435536602279755     
 -0.612998135520458      -0.490318540162331      -0.619532900677136     
 -0.356982969359135       0.365218430202467       0.859754998722232     
 -0.148100915450446       0.886628521058281      -0.438127817524443     
 -0.922295656734037      -0.283734671632586      -0.262422098313586     
 -0.805082660624572       0.168585884565520       0.568700895978654     
  0.555136457447938      -0.123609717818025       0.822523039964925     
  0.208962731542806       0.977905638181067       5.927869766569119E-003
 -0.635393864694846       0.540326772387832       0.551653528719888     
 -0.556904503961265       0.174231897558939      -0.812096434754314     
 -0.534913086562444      -0.823219426953741       0.190204534410542     
  3.020071304499826E-002 -0.952542011917773       0.302905319304906     
  0.510690296133014      -0.245799530072271      -0.823879853165388     
  0.859234158054267       0.179572566245109       0.479030641071150     
  0.738967200034411      -0.635824752549001       0.222832585856219     
  0.434887481989538       0.702756183327489       0.563033413576666     
 -0.514587558421546      -0.319156122988349       0.795825994723058     
 -0.930238290634642      -0.236839687392469       0.280292142438904     
  0.303846993039846      -0.925414802035696       0.226460700771439     
  0.205751615929851       0.295828339834299       0.932819310420339     
 -6.836417131869891E-003  0.293194739226800      -0.956028298896280     
  7.733740872462452E-002  0.953342135714557       0.291817918372056     
  0.996981538752137      -7.194176228750906E-002 -2.919236589261713E-002
 -0.416783907807875       0.433550505470036       0.798952522618858     
 -0.298130498403273      -0.895510115754715       0.330423725695937     
  0.858725439307755      -0.100476822140911       0.502488833804556     
  0.851520493183914       0.503392227807090       0.146659860463761     
  0.520233620031187      -0.776297591454499      -0.355976165060533     
 -6.534393833497920E-002  0.379418389756401      -0.922914868900507     
 -0.522962169837480       0.812890522098799      -0.256358280538839     
 -0.837050193159847      -0.546533506470355      -2.545781680145288E-002
 -0.160802807966846       0.201271273129349       0.966246516973213     
 -0.183330888024521      -0.133235761566476      -0.973980501517324     
 -0.634573722591381      -0.740661571973917       0.220763734335279     
 -0.750803553596131       0.658535244038518       5.123823051607683E-002
 -0.830009769831303      -9.161582125167589E-002 -0.550172993958251     
  0.431204869466373       0.520244125053907      -0.737162404694773     
  0.353760006972103      -0.849089271892766      -0.392302518248236     
 -0.689734997245025      -0.271914969526998      -0.671064738250030     
 -0.219614368805815       0.961710288999827      -0.163959900725583     
  0.689953014769413       3.428657724335207E-002 -0.723041677935265     
  0.122987544049870      -0.896135298154138       0.426398395178504     
  0.688306852156476       0.386547471685850       0.613852367762597     
 -0.714917996194665       0.217996742029552       0.664356590380080     
 -0.430505822933646      -0.836680609469101      -0.338570958823481     
 -0.168420317901342      -0.294057758926457       0.940831882396195     
 -0.886735210160402       0.462055832290388      -1.432043673202487E-002
  0.986236124632296       0.144030937176690       8.119972663934809E-002
 -0.150018221174600       0.573004462741202       0.805704920547398     
  6.951862905659663E-002 -0.806796736988003       0.586724965720169     
  0.961389046316637       0.154968169605057       0.227411450968602     
 -0.169382069635121       0.984514498137534       4.517651428699599E-002
 -0.216888948792901      -8.195162821007825E-002  0.972750283744672     
 -0.491824265636015       0.199855050800718       0.847447255232459     
  0.277710966186131       0.958472232057352      -6.486601294171633E-002
 -0.825218462585393       0.203442716862640      -0.526901840919286     
 -0.258650596831655       0.217060539567898       0.941267544814502     
  0.306175149387083      -0.905761552019631       0.293006465424913     
  0.916164093738909       0.363979028304485       0.167817222888823     
 -0.325066486197889      -0.315056482959199      -0.891667646657849     
  0.945641249221111      -0.117977401020461      -0.303057685300977     
 -9.716343062037489E-003 -0.941711604151750       0.336280905321264     
  2.379586049239638E-002 -0.477228774460483      -0.878456859413365     
 -0.988746226215789       0.118585073472483      -9.120570428188930E-002
  0.147697857694181       0.870741222853493      -0.469036315924526     
 -0.649240912199843      -0.415724036428972       0.636914251262385     
 -0.758922075155980       0.298782781680855      -0.578589779733489     
  5.023466698301750E-002 -0.859012441648247      -0.509484154147031     
 -0.806037979197915      -0.591507651137868       2.052984987518262E-002
 -0.419606585705575       0.595566069753971       0.685004649466204     
 -0.417412373227084       0.543525303185780      -0.728249377256046     
  0.649505893774653      -0.100037435855780       0.753747043363621     
  0.308409006455912      -0.871439539640937      -0.381414490400233     
  0.695000704092332       0.480193336248820      -0.535152670864349     
 -0.778619381260843       0.278927600277170      -0.562095412655719     
 -0.459497217372646       0.356593808608480       0.813451389382860     
  0.427333787983013       0.891650295500434      -0.149484394444400     
  5.723646413064183E-003 -0.203402218889424      -0.979078534757350     
  0.836742999367083       0.537101733134900      -0.106690586621616     
  0.547565879946791      -0.818626450595354       0.173269563119760     
  0.950571793752236      -0.235524656457303      -0.202339815961435     
 -0.291442867035660      -0.901571156735065      -0.319735053751451     
 -0.107118253237751       0.362901619649281      -0.925650092788483     
  0.934854863526083      -1.005742544136717E-002  0.354887633392729     
 -8.841580963829895E-002  0.961509921404174       0.260156329247056     
 -0.343844483375232      -0.274586087110710       0.897982990939915     
 -9.368772541356353E-002  0.929051525693456       0.357890867043955     
 -0.988137418169906      -0.130705122523094       8.062638376317718E-002
  0.121684234473212      -0.346091654844320       0.930276041574662     
  0.809889523183906       0.373317905799765       0.452451877492222     
  0.487619852027949       2.615071292184287E-004 -0.873056018547619     
 -0.326045763881683       0.927703440126922      -0.181825430101254     
  0.681394951766373       0.731275703593519      -3.060661760346544E-002
 -0.388205451239973       0.396543646012646       0.831895224433099     
  0.620481625299859      -0.554967550529456       0.554088053042273     
  0.277104084623175       0.392685209647286      -0.876933094602642     
 -0.889313870165033      -0.240722527813302      -0.388810371434777     
 -0.363777633475777       0.887609706305271       0.282515207830096     
 -0.492332526740524       0.773369650912133      -0.399384609319644     
  0.145758827809378      -0.379113805257143      -0.913798165230776     
 -0.858115987049022      -0.508106392118492       7.392460388415309E-002
  7.087913367695529E-002 -6.496910309421547E-002 -0.995366848981997     
  0.983779007270926       0.169405621342823       5.899661270331234E-002
  0.164787782502911      -0.983402639360157       7.592256342609628E-002
  0.997683422385759      -3.951179299055318E-002  5.537695288940436E-002
 -6.797750911627289E-002 -0.547732018833275       0.833887698553685     
 -2.616667919666554E-003 -0.835720320298356      -0.549149068368099     
 -7.308049738923161E-003  0.166964422946383      -0.985935836593457     
 -0.995024779924294      -9.918135111731635E-002 -9.420558750984857E-003
 -9.935934654397299E-002  0.980961742913656       0.166858560444503     
  0.702730115948142      -6.048078764617641E-002 -0.708881131407249     
  0.214744517205545      -0.931876741930135       0.292387636844975     
 -0.678273673725956      -0.357697934262052      -0.641869933362642     
  0.990906136482178       0.113462249127519      -7.232804922635074E-002
 -0.101876605192902       0.281495719269773      -0.954139045080541     
 -8.789872579484716E-002  0.952830770942864       0.290494984376514     
  0.918142518839765       0.365958752386087      -0.151949026487790     
  8.762962924645575E-002 -0.561495539762426      -0.822826717422934     
 -0.386439339582187       0.742156958047882      -0.547601758985871     
 -0.607255822229761      -0.398971265819909      -0.687067897240248     
 -0.255583063720694       0.916902792206787      -0.306539666572798     
  0.752274992211773      -1.054507910989737E-002 -0.658764857441042     
  0.976184411705308       9.366680520197466E-002  0.195679646225186     
 -0.206939122201011       0.131303647882863       0.969502734269130     
  6.511677238777157E-002 -0.986907230521465       0.147559900711139     
 -0.865902047544078       0.456094267367415      -0.205406093710800     
  0.426381319196970       0.458274044617318      -0.779861443251264     
 -0.261558052253874      -0.762864941719403      -0.591290508968710     
 -0.379256958612314      -0.639384262256247      -0.668843722048116     
 -0.699240188849434      -0.275362028906759       0.659726391266984     
 -0.605992836295800       0.717888235183715      -0.342650206686842     
  0.337111641626795       0.940809959993195       3.510498906559298E-002
 -0.110580721704193       7.659779634522731E-002 -0.990911036159364     
 -0.934947937089177       0.330165711079533       0.129857453233492     
 -8.489408154636549E-002 -0.411303178555251       0.907536605448368     
 -0.203488613983302      -0.884471136698759      -0.419884736952844     
  0.975389859952189      -0.220319095080747      -8.609148926825239E-003
 -6.738861826700637E-002  0.607972465005528       0.791093076649721     
 -3.162767122071355E-002 -0.793798714739176       0.607357630141887     
  0.997225383020921       1.590855975593776E-002  7.272175180284129E-002
 -0.485389178581911      -0.312398384020660       0.816581040054756     
 -0.813387008320822       0.503863858084698      -0.290728029627154     
 -0.320622706635760      -0.805312648713036      -0.498670851175627     
 -0.119098713017060      -0.319385699816153       0.940110776084729     
 -0.908885810287798       0.416217521285930       2.625945224212505E-002
 -0.399677470487314      -0.851325877515441      -0.339856101692013     
  0.873892389778331       0.410881065722294       0.259786144585194     
 -0.463109697136809       0.866144115219740       0.187946215945009     
 -0.147788698842124      -0.284554250541159       0.947199756647675     
 -0.369245164518363       0.428840857450755       0.824471665650618     
  0.222551781875789      -0.820547837658345       0.526471224757931     
  0.902290813908476       0.377884592296553       0.207544024344520     
 -0.636521261806813      -0.551914669991297      -0.538730805056019     
  6.143932962956693E-002 -0.732573590931612       0.677909391175737     
 -0.768808098320137       0.398404481548442       0.500207933803083     
 -0.965719224063737      -2.849669907720764E-002 -0.258019996154204     
  0.221588623585525      -0.608252518179986      -0.762185906472424     
 -0.135221529983943      -0.793231877996236       0.593715694216839     
  0.569204947143416       0.771733795854007       0.283606552258959     
  0.749534738401848      -0.345277638646196      -0.564784054466635     
 -0.337939941522765       0.534050840826523      -0.774975028846653     
  0.688286316076704       0.435283181776891      -0.580336539228536     
 -0.257193533329910      -0.601595606380971      -0.756263322392685     
 -0.678316617454527       0.669784501198283      -0.302118004163628     
 -0.634543592078489       0.329241628725029      -0.699252729466709     
  0.163193270249505      -0.827255303172506      -0.537602659887647     
 -0.755461704057418      -0.455245662568560       0.471199533547121     
  0.877082705502529      -0.140192229033923       0.459425801002583     
 -0.268227596462227       0.650498956459738       0.710566720400610     
 -0.398471936533264      -0.746456459924872       0.532937960021962     
 -0.540197727575468      -0.541742426908637      -0.643973258768928     
 -0.809278730414284       0.124578401124085       0.574062852371083     
 -0.230769043897486       0.831261309613597      -0.505717592652382     
  0.346557287313843      -0.448843083366550      -0.823673438398772     
  0.868721637424118      -0.177679751950673       0.462333886296376     
 -0.353865459293097      -0.875768115576527       0.328343485482016     
  0.544555084282353       0.834025022264400       8.866804621208137E-002
  0.783061761345866      -0.543436983619196       0.302474003432913     
  0.300456383024428      -9.528119999068063E-002 -0.949024475357713     
 -0.986639091482640      -0.160550677335934      -2.769084984763306E-002
 -0.147533288604929       0.808345979536709       0.569921666652754     
 -6.911752246523678E-002  0.566392317544840      -0.821232312268867     
 -0.724895461271215      -0.675620117816368       0.134402480000208     
  0.227372011053622      -0.418842540055873      -0.879131898652863     
  0.650252673057104      -0.606719361023996       0.457234161170024     
 -0.471299367572679       0.845928246342930      -0.249564236550002     
 -4.075679280786315E-002 -0.303548017514384      -0.951944055553222     
 -0.881031094778144      -0.438479193465575       0.177539310949024     
 -0.444658777894136       0.628691247913253       0.637985803947880     
  0.866000118404395       0.483655449270905       0.126969292800209     
 -0.228740827499667       0.608953792325787      -0.759508336127278     
 -0.549441112621294       0.771573663287388       0.320606528134952     
  0.697920348447790       0.212851985813546       0.683813731477886     
  0.459370929624329       0.599473197279533      -0.655446591843749     
  0.826328854096118       0.558381264021548       7.342335376331081E-002
  0.457054524345945      -0.588709090167034      -0.666725407442650     
 -0.329061979972112       0.584492917959067      -0.741677990904783     
 -0.820754978768461      -8.232107814364702E-002 -0.565318056424916     
 -0.571185477898811       0.136286456452364       0.809427669174436     
  1.041223627294749E-002  0.987243253651818      -0.158878392032624     
 -0.870519364712701      -0.342326913051418       0.353565157023272     
  0.484164909709967      -0.724491358955481       0.490608409023314     
  8.820643891307517E-002  0.598267962872441       0.796426436486595     
 -0.457227268822042       0.768641409517811      -0.447362949091683     
  0.217764926621064       0.584470430709190       0.781647460406761     
  0.862277021251955       0.259970573721513      -0.434618958881931     
 -0.881332028169738      -0.167182129327178      -0.441932112157377     
 -0.465653421960791       0.465938570483123       0.752374999021332     
  8.012956220026698E-002  0.868879384132010      -0.488495515938225     
  0.243806835296582       0.713310487427553       0.657074102052786     
  0.628550011936983       0.399744498144670      -0.667180049684505     
 -0.738568283611503       0.575666991175489      -0.350890874367552     
 -0.387890844858730       0.344453136099867       0.854922645334507     
  0.867858961704259       0.448879269192526       0.212904260828178     
 -0.310421511922611       0.824535892924144      -0.473052900018066     
  0.843443514435845       0.515762394462358       0.150306987244714     
 -0.401761454808523       0.419841853231158       0.813830788128320     
  0.356638151893812      -0.746807853958336       0.561326338131251     
  5.144755983989525E-002 -1.538965158320404E-002  0.998557112643372     
 -0.230516847994898       0.972697335119356       2.686776957974083E-002
 -0.971707328045141      -0.231566519332607       4.649533037994981E-002
  0.963392080938968      -0.256175138704423       7.905692059454837E-002
  2.181275644352480E-002 -0.219007055475048      -0.975479427414299     
  0.267207601015467       0.941493604843849      -0.205401777006975     
  0.842086234103173      -0.499008080521123      -0.204650213556083     
 -0.511223233170671      -0.617570003767115      -0.597710712898506     
  0.171876642393629       0.607945907151109      -0.775151723069706     
  4.319649242522627E-002 -0.748686029037151      -0.661515905301415     
  0.941027934123651      -0.191902915123811       0.278639010847343     
 -0.335559965194265      -0.634541173677231       0.696244934392595     
 -0.503421729140335       0.766372671595209       0.399048231247033     
  0.293788712029834      -0.282499457276123       0.913171533350968     
  0.812560616393270       0.576946258217200      -8.293527485968122E-002
 -0.404099488153875      -0.621197183102140      -0.671429566953767     
 -0.690120903195912       0.688822124824181      -0.221939674967747     
  0.600363841887411       0.373681870123046      -0.707053829135696     
  0.873026722870033       8.974160425730728E-002 -0.479344120252024     
 -1.995697638402798E-002  0.988673515658288       0.148749448837427     
  0.487263850750719      -0.120295984559550       0.864929370440289     
 -0.991019578204603       0.105902113541162       8.163907129969700E-002
  0.108989325337506       0.286015243251504       0.952006621610507     
  7.746949449713181E-002  0.952354987898502      -0.294988905633834     
  0.623302420549956      -0.781767740816755      -1.825628535150999E-002
  0.780501274683703       0.620518000845638       7.599454482805768E-002
 -4.808172993544490E-002 -6.161663772776622E-002  0.996941090136014     
  0.920479573691229       0.385729296703949      -6.269181829775022E-002
 -3.928162108932422E-002  0.250937209763729       0.967206012698735     
  0.388811405004732      -0.887830741988674       0.246134647942736     
 -0.973709668727859      -0.112177185291986      -0.198256803479361     
 -0.223932008939702       0.311823343877086       0.923374603065056     
 -4.176046453462885E-002  0.943494823151346      -0.328745467327826     
 -0.343776386680053       9.760999603144428E-002  0.933964712735957     
  4.629856394236984E-002 -0.991611634449971       0.120676465809721     
  0.937909504663461       8.472694434590550E-002  0.336373462038432     
 -0.111833935317107      -0.908808993362267      -0.401944504248196     
 -0.977360101705490       2.748442745040837E-002  0.209789985084959     
 -0.179611810596419       0.416306161174116      -0.891307341865020     
 -0.498946747302230       0.406659361184885       0.765297528623479     
 -0.241855727935767      -0.913324031266861       0.327635499870092     
  0.832200667039628      -2.161892391176103E-002  0.554052950454826     
 -0.583045403108018      -0.496476544995643       0.643093382164514     
  6.754349087966485E-002  0.759196979382976       0.647346756642495     
 -0.809627034352458       0.420869322670277      -0.409112549893847     
  0.479299582571138       5.386092821818868E-002  0.875997095062879     
  0.576367432714713      -0.772033627273928      -0.267889269781577     
  0.661870450052616       0.633295411928470      -0.401079080203981     
  0.771328861806474       0.628671480680124       9.911587321812027E-002
  0.387066816444132      -0.339758498874031      -0.857171769280041     
 -0.505203985091315       0.699525790677028      -0.505403404841664     
 -0.217522408576181       0.738224051742387       0.638521143891340     
 -0.952344563559197      -0.303840066797780       2.685230097282689E-002
  0.213831321434541      -0.602251162919128       0.769135685517369     
  0.863308845194591      -3.196502764549462E-002  0.503662659740008     
  0.231354896060551      -0.861883307915680      -0.451256108662438     
  0.448522853238904       0.506098212350078      -0.736676217600661     
  0.835088854464425      -0.236247213170202       0.496803642718756     
  0.404354163569996      -0.348715710229491      -0.845514673936979     
  0.372993720527414       0.906964501900975      -0.195681058712124     
  6.926583639188014E-002 -0.373414688289949      -0.925074977760319     
  0.241334109864704      -0.893486693863805       0.378733910950877     
 -0.967966988757965      -0.249485467427924       2.822959825337348E-002
 -1.553521316311736E-002  0.995168184442023      -9.694813988080393E-002
  0.904203110825572       5.537189327456523E-002  0.423498155614094     
  0.426820092691669      -8.108167554731728E-002 -0.900694382332394     
  0.735997534732700       0.268346594375589       0.621528546532209     
 -0.673897530693848       0.377979139815917       0.634817995955323     
 -6.457357812633684E-002 -0.886071032790919       0.459029822404749     
 -1.195695118068857E-003  0.486011683080835      -0.873951494204395     
 -0.929836535715803       0.321048833248177       0.179810076241654     
  0.367970905318908       0.812847027785049       0.451527543190726     
 -0.570819001818692       0.821075618762335      -7.038727277314284E-004
 -0.736448113958549      -0.512363893166543      -0.441732290449944     
 -0.363056252679513      -0.251630819362895       0.897146636920079     
  0.861351414890201      -0.150192369397829       0.485299899280148     
  0.507959805468884       0.268005777649191      -0.818626739836096     
 -7.111687191242742E-003  0.951638143057203       0.307138842519116     
  0.873851093426113       0.200253020142744       0.443038366782921     
 -0.390889621970525       0.831243679225752       0.395271108459744     
 -0.289118608798559      -0.518587190037545       0.804660025337036     
 -0.530946618982037      -0.845789730448522      -5.230123955853614E-002
 -4.767068632375471E-003  6.469943922282198E-002 -0.997893409949627     
  0.847391859087639      -0.529578808518604      -3.838388619899017E-002
 -0.487659282725749       3.530939118325542E-002  0.872319706796576     
  0.684242616830536       0.636023137640383       0.356772490109570     
 -0.542218097525641       0.770861735514518      -0.334322777320645     
 -0.708925512361381       0.637150565471459      -0.302429784979185     
  0.147943307990880      -0.284924313041194      -0.947064366058984     
 -0.689592195100725      -0.716140553772342       0.107727952262835     
  0.588904224068381       0.612180520572572       0.527661657793980     
  0.533602848028667      -0.784865206204924       0.315046994374812     
  0.607008908872122       9.602925762703340E-002 -0.788871704543606     
  0.843976935518442      -0.334880721076249       0.418996223090839     
 -0.232620857592614       0.475351037778862       0.848486256515374     
 -0.483311978876842      -0.813570091346850       0.323285071632143     
 -6.910789610732671E-002  0.539191989771035       0.839342657597198     
 -0.424104929041990       0.745661258855409      -0.513930244492818     
 -0.902972373806609      -0.391485996185015       0.177142899753628     
  0.499301162354737      -0.345765663758519       0.794446005111015     
 -0.811795282097498       0.133752173417432       0.568417783034951     
 -0.302798231889620      -0.928739178602792      -0.213908318895690     
 -0.885965779457982       0.416721777659373       0.203488568852958     
  0.404208152391038       0.478806892882399       0.779332874238543     
  0.227333251351501       0.772713995830751      -0.592648861871240     
  0.964097639291188      -5.764690160838530E-002  0.259215309440113     
  0.259311756914577       0.414686502752838      -0.872234210037944     
 -5.721149044619991E-002  0.908136520116683       0.414746797686700     
  6.952728613513781E-002  0.827252582418937       0.557511543704595     
  0.991566482774533       3.962812357982898E-003 -0.129538435826443     
 -0.109370319195038       0.561816216390534      -0.820000409926529     
 -0.672548434934806       0.197209497787822      -0.713293079069887     
  0.126570777165451      -0.918987094210966      -0.373420083875296     
 -0.729149121260141      -0.341425152348152       0.593102372537428     
  0.850792241660943      -0.292232132652114      -0.436752724290419     
 -0.523534295345352      -0.399494946513011      -0.752539453655267     
  4.543570321672132E-002  0.868909758465303      -0.492880744721333     
 -7.091815425177128E-002 -0.112064915634902       0.991167024310873     
  0.102164131602319       0.987627230234777       0.118974553215036     
 -0.992236416188934       0.109699174028525      -5.859168546811073E-002
 -0.695051295029229      -0.702069331195799      -0.154926923007199     
 -0.108555005411728       0.315496549095956      -0.942697055425870     
  0.710717600793976      -0.638404716228562      -0.295499425073776     
 -0.838913585252529       0.509080719317864      -0.192511863783914     
 -0.498821049961678      -0.860657329010343      -0.102208229296362     
 -0.217718985377465       1.028509794144761E-002  0.975957304479313     
 -0.686387035858730      -0.470379634438634      -0.554631261750030     
 -0.719267767557015       0.551684978784611       0.422252960601780     
  0.107362542623352       0.688757347466253      -0.716998326882658     
 -0.101471579206948      -0.112079419533957      -0.988504791253041     
  0.380563160364176       0.913684506839722      -0.142661497730530     
  0.919170930560279      -0.390664594861159      -5.005971169633982E-002
 -0.907905743615273       0.362911677558125       0.209767192387923     
 -5.744944755209405E-002  0.387976813066171      -0.919876923016894     
 -0.415218884067632      -0.847212551143529      -0.331397301586426     
 -0.739607938045408       0.622697512005313      -0.255397546038742     
  0.557094011166531       0.779336599684229       0.286846173261925     
  0.377659053515983       6.987326337766012E-002 -0.923304590242242     
  0.958569089942391       0.279277546436627      -5.611908644448567E-002
 -0.136270722138533       0.622572785182087       0.770605876851758     
  0.250151134506447      -0.731031585642602       0.634836381044967     
  0.977920041041521       0.175670547248834       0.113191219441363     
  0.185836643704612      -0.483267277120082      -0.855521759350138     
 -9.558836323504469E-002  0.857666950333567      -0.505242780373899     
 -0.884337680544235      -0.461781911999298      -6.858813687440565E-002
  0.105996310208738      -5.552664816209173E-002 -0.992814974487192     
  0.454655527835925      -0.885253781180417       9.805148603712840E-002
 -0.752264333873454      -0.658509556386468      -2.152988921584347E-002
  0.194624322697378      -0.190877201102207      -0.962126429900962     
  0.629459883548206      -0.727963637997867       0.271752086940259     
 -0.548725997784437      -0.559122941433700       0.621515338280564     
  0.514346278923756      -0.811867782147309      -0.276258230046599     
  0.659050593439370       0.168084028610183       0.733075763215227     
 -0.986970108906920      -0.128280997664670       9.712872779160843E-002
  6.325510874398607E-002 -0.864378385485944      -0.498847469596185     
  0.147948623995115      -0.486203653156642       0.861230057716880     
  0.793844166959436       0.588808604651430       0.152039026808596     
  0.502044686903275      -0.775642371756147       0.382531101335169     
  0.343165515366266      -0.227339697864296      -0.911347404033398     
  0.613855537860586       0.789301233796461       1.359930017402419E-002
  0.216012355700129      -0.184516818729681       0.958797270433500     
  0.759289168118820      -0.585625397274718      -0.283765489875045     
 -0.729818449712734       0.628817997542558       0.268240482450904     
  7.592604388742240E-002 -0.315388418434564       0.945920388498382     
  0.679411706050709       0.710716590128679       0.182432623720683     
 -0.901568886466438       0.296386737692822      -0.315164155124874     
  0.318779837688405      -3.740702608802792E-002 -0.947090349165594     
 -0.292494372662311      -0.954335169696197      -6.075710527849104E-002
  0.496713853642269      -0.234638643180458       0.835595628714221     
 -0.772025642621989      -0.559335362762095       0.301861489922075     
  0.396549813685625      -0.795040036155731      -0.458976672801383     
  0.924539632684689       0.370638526465820      -8.862025893959199E-002
  0.351234781860957      -0.918981397314546      -0.179185153963396     
 -0.147853290820234       0.134537259110761      -0.979815865509775     
 -0.770533348363569      -0.637279912132477      -1.235607753410232E-002
 -0.339273051659082       0.393649060891460       0.854361874896838     
 -0.539603702245984       0.662506400309979      -0.519531629519082     
  0.159676700377501       0.596205355636364       0.786792555421780     
  2.760505301947650E-002 -0.799403890754387       0.600159462555195     
  0.986783315831953      -7.411203247340553E-002 -0.144104455997431     
 -0.924194078315317      -0.374290834581258       7.597155227713123E-002
 -4.608606588706141E-002  0.306757305585825       0.950671357515728     
 -0.379132404494714       0.875103609076124      -0.300752877365772     
 -0.361187990851267      -0.833252074310651       0.418609861233361     
 -0.239438541798690       0.516736380783796       0.821980959314609     
 -0.901228284047039       0.196658316456593      -0.386151636798775     
  0.691009330988897       0.180425233406721      -0.699966313215419     
  0.523343998104757       0.543085886308456       0.656634433867330     
  0.498615246592041      -0.820063689747666       0.280852951957433     
 -0.857478637038792      -0.313219526369354       0.408195927616972     
  0.376195977200346      -0.922895954753732       8.209533139839309E-002
  0.351008509526917       0.223956658753809       0.909195491211598     
 -0.779368234192821      -6.486006919311657E-002 -0.623200069765271     
  0.239630514365955      -0.949867336331153      -0.200821462886486     
 -0.578932096291052      -0.305851622188614       0.755838880376419     
  0.972446599900473       0.202630781708396      -0.115275221302121     
 -9.509028223780736E-002 -0.106703971269137      -0.989733348301111     
 -0.212850765950990       0.973424382692203      -8.449569583382426E-002
  0.840047312112019       0.205765834127879       0.501977026286093     
 -0.173486709356771      -0.774807054262796       0.607927948313898     
  0.514026142418790      -0.597774581401945      -0.615176945878007     
 -0.230472808749718      -0.288476744738845      -0.929334951549688     
 -0.836275444641590       0.547019336761285       3.759289691904989E-002
  0.497519512297328       0.785844140370233      -0.367319100959024     
  0.665002063603643      -0.669448288538230      -0.331075889149511     
 -0.678474942012954      -0.726811426533975       0.106849910248740     
 -0.312160228830236       0.153571283881321      -0.937534987242428     
  4.632220914554278E-002  0.977238690483258       0.207023657494529     
 -0.517494935299817       0.200744172992288      -0.831805727888843     
 -0.854431533172107      -6.860261534491725E-002  0.515014986470175     
  0.957904143630947       5.814952324218105E-002  0.281137483380275     
 -0.228589546790625       0.746935652336423       0.624366839579783     
 -0.173684975495075      -0.662348672691002       0.728785129562760     
 -0.684316488753533      -0.727492383720550      -4.965656903799330E-002
  0.434993529574983      -0.352625080205110      -0.828514442866404     
  0.585227795348062      -0.588566380656366       0.557761636465925     
  0.101513672421363       0.913284617930358       0.394469493070525     
 -0.618462604535536       0.368518157483034      -0.694044936871117     
 -0.779229735766410      -0.173509579726960       0.602242015007476     
  9.419032481670433E-002 -0.190928997998669      -0.977074357679160     
 -0.965462266829868      -0.256994805954503      -4.285184990280353E-002
 -0.242921374190563       0.947364653887650      -0.208541167460416     
  0.369261310753768      -0.746312749518116       0.553771942488166     
 -0.273115007239034       0.482422526456722       0.832272010095231     
 -0.888287271777210      -0.458569281432914      -2.568923753067780E-002
  0.512190986768045       0.836009098793355       0.196848113550234     
 -0.391822513980897       0.431398422215618      -0.812631847054731     
 -0.764287583708708       0.339093184898444       0.548525570364903     
 -0.294213059569512       0.738623235291308      -0.606526497250123     
 -1.519827835317554E-002  0.630918623714584       0.775700137027937     
  0.955619007718989       0.237439269157240      -0.174398697094395     
  0.202419631094065       0.269214977140405       0.941567623185403     
  0.976137235857254       2.173009590743930E-002 -0.216064572998002     
 -7.862817383565913E-002  0.962834928227666      -0.258392165640007     
 -0.348760229136580       0.935372748354827       5.868666124187043E-002
 -0.766380983668977      -0.320673783869903       0.556622414397003     
  0.539468711273495       0.149151419616854       0.828690149321813     
 -0.553517142840936       0.645444620759805       0.526326908027220     
 -0.498322699310870      -0.763030966255629       0.411653047949946     
  0.667302974617011      -3.442362658504133E-002  0.743990426013691     
  0.907375604170167      -0.120368437833272       0.402716962804396     
 -0.272182864056660       0.561833047084873       0.781191471866687     
 -0.320290495442409      -0.818446740097875       0.477031374389894     
  6.670203128582958E-002 -0.466918064711948      -0.881781356044684     
  0.981942051149196      -0.126083294639009       0.141041876752556     
 -0.177032898658024      -0.875265973095467       0.450076470318267     
  0.413863563491902       0.110647836179344      -0.903589512534648     
 -0.701522854794131      -0.593808598358551      -0.394026690361133     
 -0.580157422615174       0.796961984579301      -0.168133756635509     
 -0.496652208850560       0.827749968561979      -0.261087289980787     
  1.078530355433721E-002 -0.294900379373506      -0.955467133643336     
 -0.867882630700134      -0.477350768084659       0.137535390128650     
 -0.287844320777186       0.441522885240020       0.849825387244668     
