  0.339171337829724      -0.393266913581938       0.854578222444580     
 -0.909401836063963      -0.369533453223778       0.190875162113821     
  0.240730355705860      -0.841894388644085      -0.482972808977384     
 -0.927772518449837      -0.256545439806824      -0.270966033523683     
  0.331047133644296      -0.900969862593606      -0.280465866022848     
 -0.172179991041767      -0.349911051572276       0.920823710963611     
 -0.133226810207988       0.836793143397456       0.531062945614577     
 -0.989304017123544      -8.016948827167034E-002 -0.121862278221914     
 -5.939847426492330E-002 -0.541618028054156       0.838523543463006     
  0.665349738089488      -0.599457293250694      -0.444927724010083     
 -0.379174083684502       0.242030175267076      -0.893111643929363     
  0.643068223663910       0.762936660430452      -6.626395615261943E-002
  0.805320641120085       0.136077251772605       0.577010958765938     
 -0.393348757765403       0.850847958123570       0.348331030661052     
 -0.443548666721415      -0.507484712781590       0.738731241076648     
  0.485326163341212      -0.524393520252518       0.699621291195223     
  0.427275758458918       0.840369231886648       0.333489100768849     
 -0.762819730611318       0.137080232037186       0.631913814198409     
  0.197083699261266      -0.965733261576176       0.168870610145556     
 -0.256058046510085       0.115565126543039       0.959728596189849     
 -0.946357380857200      -0.232387540570759      -0.224507769764305     
 -0.148347261023049       0.696684788754241      -0.701871352361266     
 -0.950579580979906      -0.296196086293188      -9.309317208398218E-002
 -0.272748144578506       0.653374458930789       0.706194212696447     
 -0.310535738632569       0.881016877692857      -0.356898887995324     
  0.819747939502941       0.438287630368181       0.368669592924267     
  0.481228501558990      -0.178082043694970      -0.858315743186021     
 -0.884779313246748       1.007712307460543E-002  0.465901296887173     
  6.004840450656147E-002  0.993896751151961       9.253884138993436E-002
 -0.462125260039811       0.109853082069250      -0.879984400085126     
  0.909465153849146       0.397507842202984       0.121904262933145     
  0.320605544756081      -0.857146657658184       0.403127389217176     
  0.264736130148068      -0.327547130429431      -0.906988235172673     
  0.798056739253044       0.106613490505665       0.593075884330998     
  0.565804252654471      -0.471163442832332      -0.676661331698838     
  0.207294449059610       0.875578993455557      -0.436337527160471     
  0.769109370077279       0.247552943765261      -0.589226880660151     
  2.088314640533932E-002 -0.931180428933059      -0.363960029355208     
 -0.638775916151791       0.267620157695906      -0.721349277492736     
  0.651953585110143      -0.342456426698150      -0.676520597376883     
 -0.610764414803694      -0.765907027737938      -0.200881194916647     
 -0.449358823738489       0.544159921966747      -0.708496031642982     
  0.959880606465688       0.217238966782975      -0.177303278712381     
  0.175802654365460       2.637483557353887E-002  0.984072047548615     
  0.218455139672167      -0.975762060832215      -1.287449382630374E-002
 -0.571532178924917       0.191028084075255      -0.798034610494975     
  0.682978387344426      -0.428338221220893      -0.591664508536469     
 -0.454853263013184      -0.883195697077274       0.114341024091991     
 -0.956568815119216       0.289714880287371      -3.227057609510380E-002
 -1.032808939221526E-002  7.695026605488638E-002  0.996981437702611     
  0.291323587288966       0.954014645953582      -7.061602364134793E-002
 -0.676067067208223      -0.399576206357574       0.619089796353776     
  0.448845724246759       0.442995338932987       0.776075154549525     
 -0.584355060268939       0.802554661687635      -0.120146487844988     
  0.438849897379671       0.514924886009349       0.736385177293856     
  0.288374007422416       0.695457984742522      -0.658163067408834     
 -0.851029493856110       0.501189139174155       0.156710712336084     
 -0.459407941411136      -0.238121875938824      -0.855711584336557     
  0.113298597830082      -0.971235006070770       0.209442093936406     
 -0.880969790116610      -7.315614321125943E-004  0.473171949421937     
  0.744836559282459      -0.664689566994186      -5.836334025187126E-002
  0.245003588568319       0.353804122205964      -0.902660448174585     
  0.620638172806809       0.658035274616223       0.426377574241375     
 -0.880654735314512      -0.326346991341112      -0.343431038799293     
  0.333045504284995      -0.942013304467904       4.112938464154283E-002
 -0.336939058649653      -7.815737615889998E-002  0.938276875611966     
 -0.860370659669686       8.842887704569315E-002 -0.501938902341711     
 -0.409416174777055       0.466630243174254       0.783986359566350     
  0.303546905453856       0.880020766720428      -0.365270757561687     
 -2.877985753538938E-002 -0.449118651601613      -0.893008486288787     
  4.336223066434618E-002 -0.893098498656662       0.447766444308896     
 -0.998644800092757      -2.583618549134427E-002  4.517803412281024E-002
  0.248523351050236       6.614607126639939E-002 -0.966364755792946     
 -0.833482136841841      -0.493693319691328      -0.248141962710240     
 -0.493501440269785       0.867116833735969      -6.756274937799692E-002
 -0.882133976863808       0.207025410213652       0.423060428766773     
 -3.544662621476077E-002  0.866492330753453      -0.497930293751485     
 -0.469662840293357      -0.454237295112676      -0.757023973316698     
 -0.276651835936776       0.339503476114390       0.899000084192956     
 -0.106350886309377       0.918949449142405      -0.379764925845012     
 -0.955067144578971      -0.200672119705538      -0.218122556648508     
 -0.707514511234856       0.156389123542776       0.689177523160490     
  0.688816506191409      -6.538467359369732E-002  0.721981069874651     
  0.157971634132152       0.985528937422277      -6.146280430516997E-002
 -0.594700506586041       0.583434152289928       0.553114723550230     
 -0.542304057502166       0.216775755418944      -0.811735536415176     
 -0.593496096602972      -0.782695893565535       0.187482056508942     
  0.114186057945206      -0.968771339314000       0.220099151053983     
  0.555185432755921      -0.121498372137619      -0.822804521635320     
  0.823851126980243       0.216148647212164       0.523974315097459     
  0.747577963484896      -0.621404642630539       0.234485519017811     
  0.502252422987886       0.759930398317079       0.412611552572703     
 -0.434591408238495      -0.190688384100383       0.880209206981281     
 -0.968057727680516      -0.108303630339983       0.226129519376023     
  0.155065696326003      -0.967337151372613       0.200532953394857     
  0.197025038258978       0.229192406570394       0.953232382511976     
 -2.582930782407751E-002  0.264640013943943      -0.964001301802578     
  9.151169197348971E-003  0.964345219442808       0.264489231992828     
  0.999624480972565      -1.990165229968515E-003 -2.733013506564752E-002
 -0.470644981147090       0.436968465530365       0.766519316033887     
 -0.152615087161091      -0.895973930364687       0.417060368864820     
  0.869023553703774       7.930495721443387E-002  0.488373614018385     
  0.955519453570621       0.287107179204414       6.746881870462451E-002
  0.294791217344545      -0.922780814253505      -0.248140498553083     
 -8.983987124980254E-003  0.256992288784920      -0.966371694267031     
 -0.547510098663039       0.769406420633521      -0.329008285229893     
 -0.835084087416230      -0.527543222844996       0.155989470716882     
 -5.354679081210664E-002  0.360155394126177       0.931354300615796     
 -0.195528321135483      -0.120159545476908      -0.973308974203319     
 -0.639862871300409      -0.736485374484569       0.219464801509345     
 -0.743198615152812       0.665695859083599       6.711811703079520E-002
 -0.830543091286597      -8.668237982472378E-002 -0.550167554972159     
  0.436043862431758       0.513355968087604      -0.739142340868409     
  0.346502414928846      -0.853786750340432      -0.388566932962391     
 -0.696716457045952      -0.358150200289368      -0.621542124488812     
 -0.263214933711988       0.933646805873531      -0.242943492510496     
  0.667311079746400      -5.663560267761658E-003 -0.744757575948508     
 -5.810468776508323E-002 -0.909766607407474       0.411033533067614     
  0.736753296458107       0.238757087734930       0.632605432488905     
 -0.673660467459547       0.339587651575624       0.656400640980398     
 -0.319702928868350      -0.817010507244785      -0.479879014257377     
 -0.269306991634931      -0.407220240177314       0.872722991702683     
 -0.908440301577112       0.408246870216479      -8.983713836106808E-002
  0.995279267248932       8.138374430785877E-002  5.287595244432781E-002
 -7.864112569686356E-002  0.356993052459948       0.930790811001308     
  5.687489370180624E-002 -0.930555020757785       0.361707892931045     
  0.919182616831580       0.338661489770543       0.201026645649385     
 -0.346773853402607       0.937932609025562       5.505953396931038E-003
 -0.186684791857583      -7.477176119998648E-002  0.979570299782642     
 -0.489979346582803       0.161636237995788       0.856617748175258     
  0.421523238274339       0.904071553374331       7.051798333781542E-002
 -0.763045476703193       0.395636642572391      -0.511109819449037     
 -0.291247963659628       0.265554345580834       0.919051420328184     
  0.223678913973543      -0.915167157034592       0.335315997424600     
  0.930130295769226       0.303232525017266       0.207141663274040     
 -0.186636623308138      -0.296452397285012      -0.936633731500267     
  0.982028950063456      -2.909015481213839E-002 -0.186474942365624     
  2.803412344627015E-002 -0.954604493514045       0.296554124715276     
 -6.809328559638632E-002 -0.360179738667179      -0.930394464896665     
 -0.965452106867005       0.258897713774913      -2.956692659340425E-002
  0.251526407764168       0.896237987175102      -0.365365483511336     
 -0.722874490487051      -0.347223552619905       0.597401268419398     
 -0.688108086276932       0.283006515505075      -0.668142629819434     
  6.292640624904169E-002 -0.894059906654993      -0.443505525003849     
 -0.871509451315104      -0.482664619211155      -8.663799184070473E-002
 -0.395069500474537       0.586416021820307       0.707132476377124     
 -0.290501920928682       0.650500664653183      -0.701753175427509     
  0.626748278549566      -0.161873488173034       0.762222781843904     
  0.346807863189769      -0.818012827512474      -0.458889224165042     
  0.697790012371111       0.551952885536185      -0.456549132934516     
 -0.809922029114354       0.222471486975520      -0.542708710302490     
 -0.447222571686046       0.364431270719373       0.816811985891731     
  0.379497402006826       0.904265606116401      -0.195666643721761     
 -0.135621844861171      -0.381549753702744      -0.914344847771249     
  0.823962873877514       0.469039141563625      -0.317942551654802     
  0.550174424767250      -0.796506163899975       0.250770877897206     
  0.990581349532042      -6.496971915534770E-002 -0.120530185232312     
 -0.100074440521454      -0.944317828478924      -0.313446877749927     
 -9.345424716721473E-002  0.322556622021225      -0.941925437217178     
  0.881921606091952      -0.136083258440180       0.451326519806300     
 -3.508512254307218E-002  0.935820728833077       0.350725815506109     
 -0.470088624499949      -0.325147520763364       0.820546022388098     
 -2.348768077741495E-002  0.903812070969157       0.427284529584351     
 -0.998690406891045      -4.064361102173169E-002  3.107359114913442E-002
  4.545107298498548E-002 -0.425995114119339       0.903583069070575     
  0.791373307227994       0.393499087285139       0.467853349793290     
  0.494522784001541       3.787360565131258E-002 -0.868339107778921     
 -0.359409939637728       0.918544532562660      -0.164622103585365     
  0.670298080910478       0.741221457972980      -3.593373022882512E-002
 -0.323479006885342       0.335420914004258       0.884790451210370     
  0.667878592883508      -0.581449534085986       0.464601576061392     
  0.417329919496688       0.438720389539863      -0.795839279060052     
 -0.800561306910232      -0.236935433963552      -0.550420924393930     
 -0.430043407310310       0.866825253401391       0.252342322836261     
 -0.456575816403377       0.799405766996069      -0.390498327229559     
  0.146554709346544      -0.365343416409432      -0.919263784370233     
 -0.877530763588453      -0.476942981686366       4.965028878266347E-002
 -5.849456282343629E-002 -0.159089495021223      -0.985529765503812     
  0.991850783042722       0.102666547716991      -7.544272103653411E-002
  0.113183083089342      -0.981911458612080       0.151787605385373     
  0.998339369138084      -2.209725025487337E-002  5.319977030167249E-002
 -5.650990508967425E-002 -0.554994552488256       0.829932332985712     
  1.118636025446638E-002 -0.831560435710854      -0.555321624920885     
  6.164188794549741E-002  0.153533279682496      -0.986218946117187     
 -0.997177325682342      -3.296504836297247E-002 -6.745877801640632E-002
 -4.286792268744449E-002  0.987593457661517       0.151067877419680     
  0.696077155184675      -9.328301241041306E-002 -0.711881221571170     
  0.229070586125009      -0.910848046309451       0.343340214811133     
 -0.680443429391739      -0.402062328662933      -0.612652122552232     
  0.885077319203225       0.384441830174712      -0.262378768660788     
 -0.255149459225715      -7.072060094389351E-002 -0.964311853115476     
 -0.389277397865439       0.920436350767360       3.549692517695214E-002
  0.943993563013038       0.283811567084924      -0.168306706279769     
  1.576123469116785E-002 -0.548278292160953      -0.836147413932525     
 -0.329587221340517       0.786665054984550      -0.522044399256630     
 -0.722273443650358      -0.495602943168841      -0.482388635147901     
 -0.365878426281152       0.865705206784283      -0.341595480252054     
  0.586902078527182      -7.022974917321265E-002 -0.806606305797019     
  0.984334861277932       0.107109438515732       0.140044453848756     
 -0.157920352138816       0.182428382489509       0.970454042004362     
  7.839670435215081E-002 -0.977367614279680       0.196485376818729     
 -0.853316080180298       0.496856152792576      -0.158068436880571     
  0.415944494902704       0.465897015930821      -0.780980247962072     
 -0.314391228353902      -0.732170700027531      -0.604221996914367     
 -0.239696116575745      -0.648656597695854      -0.722350600445623     
 -0.621975187043100      -0.468698487606932       0.627270750487915     
 -0.745447944796272       0.599638512756233      -0.291103101354246     
  0.264102427221481       0.964477856198244      -5.689713434554973E-003
 -0.179200986058494       4.327234808793011E-002 -0.982860371816165     
 -0.947700857091327       0.260595412074342       0.184263715023927     
 -6.743834836482877E-002 -0.285203422049750       0.956091563199329     
 -0.177815087733914      -0.939496012443544      -0.292795213719177     
  0.981750408069179      -0.189753130814291       1.264458786074465E-002
 -8.953914434012689E-002  0.665594426601570       0.740922938575748     
 -5.320359841960063E-002 -0.746045257805623       0.663766412543546     
  0.994561269478180       2.001331013702289E-002  0.102212272606160     
 -0.494013366155872      -0.444603113514554       0.747180611038963     
 -0.821639165954179       0.519785209519091      -0.233949603409146     
 -0.284358708376279      -0.729487085162109      -0.622084172401239     
 -6.865227165622750E-002 -0.352519772714402       0.933282741425036     
 -0.906967620557440       0.411732591922972       8.880319818979501E-002
 -0.415567805366079      -0.840360686011475      -0.347990397208616     
  0.890651631209807       0.315456103557232       0.327455521486213     
 -0.397171311885873       0.890352751632538       0.222546459588115     
 -0.221347285590383      -0.328267306305065       0.918284245085850     
 -0.302201015327402       0.372754778943865       0.877341678657520     
  0.369930787159758      -0.802382804016118       0.468330063662994     
  0.878536145554842       0.466085518541119       0.104587429262643     
 -0.650300340537261      -0.580360424341968      -0.490195109068604     
  0.117082756183432      -0.714125741137037       0.690156543147999     
 -0.750600489809140       0.391415640595783       0.532346410709540     
 -0.968695265926638      -0.143376781928561      -0.202663712033281     
  0.247902770643051      -0.602014136323471      -0.759027796575472     
 -1.317945669649591E-002 -0.785507528971259       0.618711745363435     
  0.564296651158047       0.795510000031648       0.220755813833855     
  0.745607028802988      -0.376274811836768      -0.549988567678255     
 -0.354456553178901       0.474953793359630      -0.805468463741212     
  0.632889201553045       0.432554752907397      -0.642143009223630     
 -0.325187161765376      -0.604174403954405      -0.727479621315505     
 -0.702641137694522       0.669230659297446      -0.241714203711428     
 -0.723160739014156       0.336237746901964      -0.603309806904227     
 -2.115904074752118E-002 -0.883876587459822      -0.467241343563537     
 -0.690355589926722      -0.325125138521659       0.646299314372258     
  0.850775128222933      -9.321825163922241E-002  0.517196325159584     
 -0.332547520301269       0.666554868339115       0.667170708465901     
 -0.406932215410435      -0.739604600482599       0.536088805149523     
 -0.620068616767829      -0.501845352666828      -0.603047388275889     
 -0.726399510832217       7.683145094795910E-002  0.682964624858389     
 -0.296409617189392       0.861538258089531      -0.412180990204167     
  0.491127119058759      -0.579067729585227      -0.650749350731932     
  0.703492763227047      -0.176888937870846       0.688337297947818     
 -0.513704277782503      -0.795858572996280       0.320495002731612     
  0.530723157490985       0.832823001268058       0.157285659427759     
  0.799715814262141      -0.553534211718432       0.232496221208537     
  0.280691194236325       2.392700576525219E-003 -0.959795149217741     
 -0.970715604887495      -9.184282008640123E-002  0.221982230880047     
  6.029055619207600E-002  0.801322977815030       0.595186133961219     
 -0.232543035290146       0.591139900213339      -0.772319464414711     
 -0.688146171065063      -0.716698932084096       0.113125982859937     
  0.216380170203964      -0.351527682677185      -0.910828145290935     
  0.692556473647518      -0.602304681254556       0.396981865767054     
 -0.496759739690513       0.803195471309799      -0.328795979126968     
 -9.154299902801161E-002 -0.425224178013801      -0.900446710117515     
 -0.863046719680886      -0.417206703325608       0.284761174229723     
 -0.297983837940779       0.665448777110902       0.684385532699034     
  0.859012681098064       0.499605718267417      -0.111764663410519     
 -0.416296584226682       0.554591787999277      -0.720503367545897     
 -0.637760566567833       0.699866184135020       0.321634550437846     
  0.655249409499706       0.273492320926438       0.704166288418100     
  0.404857593582345       0.659840340308623      -0.633009521429311     
  0.842209670675755       0.530620801737928       9.552191048756248E-002
  0.483548290689076      -0.665042664268894      -0.569121520655972     
 -0.238461571730086       0.525509105025805      -0.816686144943711     
 -0.825520280999389      -7.046836317584905E-002 -0.559955779905879     
 -0.561152736535922       0.208317555322628       0.801068912405572     
  6.019860411048978E-002  0.975519351902268      -0.211513881642391     
 -0.806870237914914      -0.352217652789269       0.474239543090573     
  0.542353097472330      -0.759867857471508       0.358404738869112     
  0.234122909663467       0.546391402060182       0.804141093916623     
 -0.415498114104925       0.643811123996005      -0.642548483613689     
  4.572372738623685E-002  0.720302678318157       0.692151278523417     
  0.908444086297576       0.258207839204578      -0.328721848747717     
 -0.917265462483128       1.571540895481239E-002 -0.397966201149082     
 -0.303238357096582       0.620247586133487       0.723422028058967     
  0.258206448643267       0.784248658154308      -0.564166174156142     
  0.361975088962356       0.768849625206399       0.527109370805165     
  0.661443095773491       0.186605500656963      -0.726409951871586     
 -0.656861527282881       0.611595160988585      -0.441003733579721     
 -0.139035957174673       0.467936565283991       0.872756766506424     
  0.988906856352807       1.908761370247249E-002  0.147305439348170     
  5.227075732093907E-002  0.883555903083333      -0.465399542388827     
  0.936248162068491       0.329490591237546       0.121964459205626     
 -0.291926886258980       0.536390267641617       0.791873837084221     
  0.195494429850336      -0.776995129370352       0.598381564582476     
  1.423709566272624E-002 -9.153373651363002E-002  0.995700195935977     
 -0.415869880507549       0.905044309130293       8.914617769426084E-002
 -0.909312678671856      -0.415350904164953      -2.518092165823440E-002
  0.965109667052967      -0.219852367661770       0.142226112210324     
  9.443149086819028E-002 -0.214379808256073      -0.972174876935495     
  0.244225355140178       0.951685995612811      -0.186139038519696     
  0.985145645716751      -9.075373847302641E-002 -0.145780024963933     
 -0.165284845506958      -0.731370885246973      -0.661647601113182     
 -4.657227255648901E-002  0.675914482139824      -0.735507060647826     
  9.125842538836776E-002 -0.840371003338813      -0.534273784255752     
  0.933437579213711      -0.114729316590919       0.339899205098005     
 -0.346938302162402      -0.529729894061095       0.773963858220068     
 -0.516395072723905       0.771734995248440       0.371161994249643     
  0.211045177398872      -0.305365371111578       0.928553672774266     
  0.829937384363039       0.557832490300524      -5.181775954601515E-003
 -0.450494395307443      -0.614034774912670      -0.648086487279674     
 -0.715653365128846       0.682366235369893      -0.149052278771270     
  0.533755618964638       0.396658059321948      -0.746838217553536     
  0.857505553908315       0.212520147456921      -0.468528987301035     
 -0.141281059756590       0.972955473442402       0.182749306024605     
  0.494695752124926      -9.051427303639950E-002  0.864339793834606     
 -0.976417626044718       0.129098454697684       0.173038170771249     
  0.205572269904967       0.311150884677311       0.927860533060135     
  6.594438107462294E-002  0.941551228536747      -0.330352270531734     
  0.825312696732950      -0.557309968178154      -9.090958134682117E-002
  0.563056889557117       0.824394087491583       5.780421810871808E-002
  4.273045440392187E-002 -9.889382123393096E-002  0.994180124719977     
  0.914297641026174       0.399419647672319      -6.725896718863980E-002
 -8.391096230654739E-002  0.349232846341134       0.933271326807620     
  0.396255945089397      -0.847644007876957       0.352818454578848     
 -0.989622925739995      -5.245319087602852E-002 -0.133772671412129     
 -0.136182233933598       4.541079486567982E-002  0.989642490433050     
 -4.583518310958556E-002  0.997590358051198      -5.208275638559949E-002
 -0.213511650013966       7.617264785048333E-002  0.973966376743967     
  3.164069196558142E-002 -0.995893465630630       8.482376863912956E-002
  0.976428001401141       4.892783291393125E-002  0.210224701798081     
 -6.966596268396377E-002 -0.831716331050186      -0.550812670794445     
 -0.992733044521255       3.491840609470506E-003  0.120286779675519     
 -9.812112901345597E-002  0.555189833942854      -0.825915547938996     
 -0.541047690596206       0.427451673498428       0.724259941819154     
 -0.219390676138996      -0.903116389577382       0.369118569161730     
  0.811871373878770       4.081487106502729E-002  0.582407948585994     
 -0.573968095680174      -0.454003559471464       0.681499371333907     
  0.162384239590601       0.752605241637134       0.638135337520888     
 -0.802615713697294       0.476934081658601      -0.358248374565175     
  0.419477551483269       4.779896203054602E-002  0.906506394368180     
  0.556462329219795      -0.802525084370992      -0.215181702555324     
  0.717208658592977       0.594700553374603      -0.363239579141615     
  0.753907843112693       0.645858799772376       0.120371819167755     
  0.468229349948489      -0.399690861728429      -0.788040919557866     
 -0.460851646346190       0.650471848589443      -0.603740121453472     
 -0.303071896444368       0.595262449001254       0.744184145487309     
 -0.902326826935881      -0.430428718255856      -2.318223225699151E-002
  0.306518715541859      -0.678523201747531       0.667572124727362     
  0.850959239893523      -1.558089161690551E-002  0.525000578910381     
  0.251233283415347      -0.865719826831138      -0.432909942985647     
  0.461248533162066       0.500286335260001      -0.732777847241502     
  0.954882135282203      -0.155473133616974       0.253037966404725     
  0.224855566647733      -0.178121134998861      -0.957973295773034     
  0.194010519989044       0.971648581530424      -0.135125690168669     
  2.117934419642610E-002 -0.529341636988674      -0.848144366679141     
  0.245183058433967      -0.819678956289344       0.517698441637007     
 -0.969245429825074      -0.218915143301355       0.112425338767528     
 -9.124670183958841E-002  0.990669832387595       0.101229060059530     
  0.826439109834370       1.862014527272728E-002  0.562718124753581     
  0.555582970526961       0.135005827234099      -0.820427321262092     
  0.803150607176434       0.290502355568249       0.520151404498203     
 -0.595749832977896       0.399792131267999       0.696597723426497     
 -5.589159047500948E-003 -0.869352996880790       0.494160022781760     
  7.702685984264675E-002  0.660398679319796      -0.746954113192655     
 -0.986971347618227       0.156649943498802       3.671994257204834E-002
  0.141260121207085       0.734393885836843       0.663860827735814     
 -0.423272770192784       0.905990689928723       4.586041415025726E-003
 -0.808046834640994      -0.375215071687191      -0.454173934749101     
 -0.409756604632625      -0.195945195759539       0.890901232022180     
  0.856479480730208      -0.174287812340176       0.485866913421560     
  0.514438631362690       0.365488316177762      -0.775739121934195     
 -4.237680556432846E-002  0.914353350301326       0.402693626896371     
  0.938973084829364       0.194929330504532       0.283429183527497     
 -0.306881112285800       0.846942917246340       0.434179315316274     
 -0.155414056275997      -0.494661754166830       0.855076733443547     
 -0.424444637772650      -0.903176487191553       6.417929923558384E-002
 -6.151900479923478E-004 -7.059313308819261E-002 -0.997505003046093     
  0.905453682419496      -0.423425132160424       2.940725161635156E-002
 -0.662342981071905       8.893976825649776E-002  0.743902878773333     
  0.577201598203359       0.693601977186141       0.430992589582423     
 -0.477640126513958       0.714846847140035      -0.510738577628370     
 -0.680355882080681       0.616328079762322      -0.396554626520368     
  0.192260595427282      -0.372042308280272      -0.908086110616950     
 -0.707214067425223      -0.694063555408239       0.134625569227699     
  0.677045580693609       0.578383759326179       0.455062093137791     
  0.519630780266853      -0.813570113958070       0.260935857776428     
  0.521145981335862       5.979880117504160E-002 -0.851370054392077     
  0.931275883267969      -0.152984762362644       0.330637099745848     
 -0.228200572209796       0.462499235906904       0.856749062228077     
 -0.283988957684334      -0.873321315021284       0.395803174119451     
 -1.366351159030426E-002  0.510314383702010       0.859879374236767     
 -0.299988163439541       0.818252736067245      -0.490376958792550     
 -0.953845066164956      -0.264653905516922       0.141908069000505     
  0.424608923913743      -0.190889976773223       0.885024450792374     
 -0.887815174345789       0.103810723034630       0.448338655465258     
 -0.177458383668381      -0.976106731126568      -0.125396058611349     
 -0.838987230364650       0.402838301637683       0.365816525076059     
  0.533428843475255       0.476070359862184       0.699149970613834     
  0.107489982015614       0.781714983350307      -0.614302522029626     
  0.940819749262708      -0.124788204895394       0.315096974463836     
  0.332321629618860       0.522082953353677      -0.785488207616758     
 -6.648709562590213E-002  0.843716358580619       0.532655772876609     
  0.315844614813395       0.701236139332403       0.639147914169766     
  0.946736687229314      -0.188402096407691      -0.261140374364546     
 -6.270426099902147E-002  0.687584559863963      -0.723391767086909     
 -0.714401868701434       4.333279926713000E-002 -0.698392610573420     
  0.295612935677031      -0.885949937766006      -0.357359343004813     
 -0.634226270550404      -0.461752072307291       0.620114555113463     
  0.820112044413069      -0.337487983775442      -0.462080182885786     
 -0.568333158551509      -0.386674884006431      -0.726278152617463     
  6.643534826799087E-002  0.858244950399281      -0.508922341437995     
  0.163020004935647      -0.130673369720614       0.977930952796079     
  9.371635540368223E-002  0.988759568174192       0.116497901585510     
 -0.982161759956383       7.265663624104782E-002  0.173433821642461     
 -0.709242171070561      -0.698942023435074      -9.195428566198303E-002
 -6.513687028338246E-002  0.194852315252124      -0.978667340504717     
  0.701949236700842      -0.688122534958293      -0.183724375023640     
 -0.881569772372738       0.421574931331651      -0.212389532961008     
 -0.397088149422668      -0.905561926896984      -0.149260169310802     
 -0.255256220348675      -4.724588688340873E-002  0.965718431089463     
 -0.389357657339396      -0.585774676354021      -0.710822511752058     
 -0.883293173570310       0.456248617890590       0.107844184808517     
  0.261139396099510       0.669854631405368      -0.695054665900022     
 -0.131146904231138      -0.106953085845411      -0.985576748375677     
  0.482925096239915       0.861338484036653      -0.157731947744083     
  0.865785100895372      -0.496645802706163      -6.131154640151537E-002
 -0.915950383178306       0.349914585775238       0.196455282996470     
 -9.806908731572809E-003  0.469892808475337      -0.882669005394629     
 -0.401171684066391      -0.810407632741111      -0.426966917569202     
 -0.688522146132512       0.714753638477669      -0.122737486400904     
  0.634618728662870       0.675728824712754       0.375032831472985     
  0.350993338277786       0.180326902416918      -0.918850305952695     
  0.935036818964986       0.354550550244155       2.334553859722963E-004
 -0.262290461224019       0.691280982585634       0.673301059754354     
  0.238557877947299      -0.629622514239414       0.739368398318721     
  0.978307771197794       0.179646213828116       0.103155914378216     
  0.171824454029893      -0.425531182975036      -0.888481608877304     
 -0.115716298814542       0.886933171199135      -0.447168075801139     
 -0.929690179134115      -0.368168343016291      -1.132439941913260E-002
  4.590296414849723E-002 -8.529899372166927E-002 -0.995297442753893     
  0.365471050432108      -0.925838081346185       9.620165500315377E-002
 -0.763465240548820      -0.600783309341593      -0.237023715459693     
  0.256938877631861       5.416644363296449E-002 -0.964908498017005     
  0.592539652373592      -0.797574705968495       0.113010392284280     
 -0.480027819046438      -0.649336060227941       0.589860978391671     
  0.625832970777734      -0.724665764577665      -0.288431313030620     
  0.614740909350471       0.230699394313956       0.754235642113479     
 -0.956424751950774      -0.121696594126619       0.265408426456051     
 -7.934981743427194E-002 -0.766451192285646      -0.637382284282422     
  0.280989858053713      -0.630668303327410       0.723396288937822     
  0.838625595306232       0.513456999787143       0.181848894048998     
  0.419383428354530      -0.821672681114119       0.385968321410374     
  0.347598404655143      -0.247418500683378      -0.904411098229575     
  0.640300894906974       0.767354668010061      -3.437408128874959E-002
  0.270259047651319      -0.183170353873454       0.945202977473329     
  0.719009604347351      -0.614504218817857      -0.324668683292809     
 -0.642532755904003       0.669838558630763       0.372112836330451     
  0.286999900072590      -0.239897389462156       0.927405143336797     
  0.710480622500679       0.702684529430476      -3.810166860651867E-002
 -0.894489875456581       0.355809354740484      -0.270716763029059     
  0.284729510129650      -1.348443312187684E-002 -0.958513054749236     
 -0.344698373606687      -0.934461274287254      -8.924773437099477E-002
  0.567646364360550      -0.356734449525481       0.741969094740499     
 -0.813284233623951      -0.382945884827223       0.438088124277152     
  0.127852885642233      -0.852110897604273      -0.507504342658692     
  0.910446555268233       0.400647331025230      -0.102804601757811     
  0.376857743934751      -0.905926639510624      -0.193067772197728     
 -0.170485515034695       0.137035177846176      -0.975784837551855     
 -0.863740202104668      -0.460959383686219      -0.203640147956609     
 -0.352528037172193       0.263933051093584       0.897810295969025     
 -0.360106715121675       0.847263708140542      -0.390470693640671     
  6.658396269494657E-002  0.538474593362908       0.840006957241757     
 -0.157667463859298      -0.825619934954404       0.541749659756298     
  0.985244917140897      -0.168513605707686       2.992687653898124E-002
 -0.981159858926109      -0.186433984302789       5.067248493131288E-002
 -1.852389454400614E-002  0.351855448049574       0.935871042937420     
 -0.192307557217696       0.917300448694245      -0.348679925235296     
 -0.586452341677728      -0.676680060662510       0.445171592133284     
 -0.130087102783238       0.621157120600659       0.772813805011626     
 -0.799469196798949       0.395307382967977      -0.452306396528878     
  0.734792845057928       0.257279401100453      -0.627604003031407     
  0.426188657065813       0.544693495768338       0.722268803324697     
  0.527676703522276      -0.798195656112547       0.290587320994441     
 -0.791863073772375      -0.405463136432195       0.456675505573006     
  0.460404288291475      -0.887650509087009       1.022081407383153E-002
  0.401224081678186       0.218348846372449       0.889574627318750     
 -0.748540212003433      -0.169797696557519      -0.640980727680346     
  0.248931219071933      -0.967913617212811      -3.429982194375816E-002
 -0.614589943934408      -0.185234909932545       0.766790211829169     
  0.965670135241698       0.187736056972982      -0.179544876881845     
 -0.153526281911276      -0.145085433974386      -0.977435367485217     
 -0.209549208217895       0.971445000893390      -0.111282251839895     
  0.818933520623651       7.196907235093830E-002  0.569357832495433     
 -0.268895088333315      -0.828343320778360       0.491470013726245     
  0.506994398656622      -0.555578793283919      -0.659005981903046     
 -0.225110512342349      -0.357537078886162      -0.906362231370263     
 -0.755705241100054       0.651244899811044      -6.920743488977846E-002
  0.615008004668994       0.669363367455778      -0.416794717458693     
  0.733965091604934      -0.575948405751687      -0.359970385195030     
 -0.551786752585265      -0.814679375102567       0.178406545434566     
 -0.396013413884813       6.768271341082938E-002 -0.915746922642171     
 -2.520619577958162E-003  0.972128119588942       0.234436698452653     
 -0.546068994105887       0.195059330055340      -0.814714987854375     
 -0.837736414484326      -0.130072198654366       0.530357354039745     
  0.940764440432809       4.961820909294121E-002  0.335410645244866     
 -0.254572511787419       0.756766043870909       0.602078060625235     
 -0.223953351971772      -0.651799960241212       0.724570015919945     
 -0.765596805103018      -0.605444712233573      -0.217481568056822     
  0.418863958311903      -0.212542810270991      -0.882824183079158     
  0.488277089820270      -0.766982564489268       0.416321065196259     
  0.124308551434119       0.883463462343484       0.451707532308686     
 -0.749845484974474       0.381782254636787      -0.540346239653659     
 -0.649830079869896      -0.271541195306395       0.709919887415290     
  0.131458857691521      -8.008486550012006E-002 -0.988081465797362     
 -0.952432906027661      -0.286640389548223      -0.103483557125273     
 -0.274936589507703       0.954685132071044      -0.113956879355376     
  0.285696009818902      -0.859061822174595       0.424724117110884     
 -0.369802833971555       0.310041780670688       0.875853845241989     
 -0.884094821815133      -0.407292130933890      -0.229105796782197     
  0.397101722100098       0.915001340996785       7.129353602683286E-002
 -0.292294384274641       0.199723419131132      -0.935240369515825     
 -0.869985181038545       0.350546861096531       0.346760267257809     
 -0.353071318943335       0.804620342350226      -0.477416745009823     
  4.933556541695135E-003  0.511874722270404       0.859045940983609     
  0.935583402887974       0.300949120910525      -0.184697923279374     
 -9.104562579816466E-002  0.244610614970812       0.965337423425921     
  0.979853169655727       0.195036713253440       4.299356229618350E-002
 -0.177759556532473       0.949803309915762      -0.257439726022381     
 -0.251496473281871       0.967581050469200       2.316105998613378E-002
 -0.706347271522617      -0.199850730903451       0.679067903357190     
  0.661681990036934       0.154423431286461       0.733709988980862     
 -0.659013464646077       0.592651845733662       0.463103706704787     
 -0.446925736901809      -0.803791992455022       0.392652287093697     
  0.604945153803161       5.179017873783616E-002  0.794581108683300     
  0.856644686753777      -8.158518223290905E-002  0.509415094688546     
 -0.398820980127502       0.521640610196892       0.754210116349253     
 -0.327263970621081      -0.849255516221922       0.414322774778137     
  5.194324934874732E-002 -0.427525427721224      -0.902509782494842     
  0.989539443129943      -9.976024681907721E-002  0.104209326092636     
 -0.134586735368621      -0.898481998599037       0.417871402295567     
  0.271222049526401       4.710720696638757E-002 -0.961363360495143     
 -0.822417439201787      -0.507577696805188      -0.256893825154903     
 -0.500068150903082       0.860317262850221      -9.892447470016841E-002
 -0.516822614816057       0.837158909229804      -0.179051237113484     
 -1.645065063409973E-002 -0.218822391614412      -0.975626023136875     
 -0.855934437272093      -0.501280083012790       0.126864169355392     
 -0.327050063022741       0.513847837270087       0.793094355300538     
