  0.885328609986063      -0.459387630506918       7.180708375491135E-002
 -0.407424013792066      -0.692040828034426       0.595890229252829     
 -0.224051166758195      -0.556814598650813      -0.799849096644877     
  0.645953200953681       0.461969741067481       0.607723967369840     
 -0.653835128683201       0.745714448248550       0.128099906999121     
 -0.394010262147468      -0.480097823377075       0.783748679942160     
 -0.811643001260065       0.337627091670680      -0.476700729468240     
  0.200744037322585      -0.605144752648646      -0.770390589130760     
 -0.548577679080167      -0.720976958932675       0.423384877745072     
  0.248093816644963      -0.968390871724712       2.585686954731743E-002
  0.688939558377247       0.195139386748347       0.698056519661871     
 -0.681037255255174      -0.155369685909866       0.715575654738735     
 -5.282573412720435E-002  0.861973551133218       0.504193453905058     
 -0.135826838117702       0.494004066720216      -0.858784636629485     
 -0.989323259536978      -0.113848931530684       9.098301450519236E-002
  0.244754937698010       0.847063961751002       0.471781374341061     
 -0.948519431474627       0.310057799642583      -6.461461905675761E-002
 -0.201012210045792      -0.431679053908684       0.879344804857008     
 -0.537272868243234      -0.601917344034092      -0.590790467086795     
 -0.791475334089045       0.601830997149962       0.106612599621796     
  0.291384043108616       0.524876139503814      -0.799750196999819     
 -0.878765337157533       0.401615874929401      -0.257829732992724     
  0.313671850153782       0.893190813736138       0.322211329221180     
  0.359696333914472       0.202274217986543      -0.910880721119083     
  0.450479089304898       0.478432030909308       0.753771438765774     
  0.847779262791892      -0.493922638528629      -0.193159904558253     
  0.279890892454659       0.726046292566055      -0.628106574851770     
  0.717336964988704       0.657166813978940       0.231429162521849     
 -6.142099927269866E-002 -0.271225889212425       0.960553995290881     
  0.694013789134725      -0.703255498112670      -0.154196513790561     
  0.316251784562093       0.538019141862110       0.781357928065781     
  0.751679565193306       0.360362156016573      -0.552373920258632     
 -0.578759570142987       0.762020025656180      -0.290452819691702     
 -0.346946725832450      -0.367456206796508      -0.862904343204312     
  0.455601600778383       0.738171706194577      -0.497523580890355     
  0.819789699131623      -0.565754777496848      -8.869262053392048E-002
  0.660282262142190       0.505912155160254      -0.555049750528275     
  0.701492408754606      -0.679397748559687       0.215237310222201     
 -0.268208379362116      -0.531480564567638      -0.803487818654902     
 -0.107526381851206      -0.963972801365832      -0.243299230234910     
 -0.250864494641215      -0.210492548214798       0.944859721056226     
 -0.962031747155153       0.162632485601593      -0.219193047546338     
  0.711545952537647       0.505432360568511      -0.488098848920417     
 -0.145469213829383      -0.573646763854838      -0.806081942575774     
 -0.687416224172193       0.644567699476955      -0.334651184871399     
  0.245970372378524       0.602514674025278       0.759259272907604     
 -0.908418520229673       0.416490311145583      -3.621619562554001E-002
 -0.338044920115215      -0.680817074041235       0.649779765519233     
 -0.892243917607657      -0.451115833784070      -1.988205224429265E-002
 -0.310311783561782       0.644549620360533      -0.698757743338704     
  0.328035651225362      -0.617292711282416      -0.715082037337505     
  0.484494799554197       0.689716745842815       0.538103707206089     
  0.561362604300339       0.226638596514565      -0.795931512796829     
 -0.670922361900450       0.687695977212246      -0.277375967286309     
  0.733635161391927      -0.675042355532808      -7.808500628263949E-002
 -0.669700791936030      -0.698733156117576      -0.251540902881072     
  0.115240180708359       0.236832841427640      -0.964691611848893     
  0.721231524780242      -0.691229423716876       4.502189968451721E-002
  0.608505739668999       0.601179639912134      -0.517980506722986     
  0.330977117718207       0.400979955039093       0.854206780120479     
  0.550947603128848       0.779819058405561       0.297218732172184     
 -0.288039697707493      -0.156571280532090       0.944732007850437     
  0.783255942301846      -0.606108629092183       0.138356274121710     
 -0.379294792412730      -6.604280205770471E-002  0.922915927235494     
  0.638164000559990       0.703575084674680       0.312616072226438     
 -0.669986693030431       0.707545368525145      -0.224716226919115     
 -0.234320738914110      -0.715505150054360      -0.658138413679398     
 -0.321113671150678      -0.582023778005083       0.747083885542196     
 -0.917594573608018       0.386394490232947      -9.337824373343946E-002
 -0.495902554343994       0.845237043773720      -0.199135623201288     
  0.632427585635788       0.194388215378871      -0.749832361697404     
 -0.595076470314523      -0.497782644890800      -0.630948835424496     
 -1.895615372751938E-002 -0.413261287936992      -0.910415164707024     
 -0.502850545845283       0.790972844029060      -0.348573218351155     
  0.864165489231640       0.451195155006389      -0.222802467041549     
 -0.430398957565441      -0.627637026658121      -0.648712956625914     
 -0.677670732064345       0.699423456374346      -0.227088545674892     
  0.596254237913624       0.341875110882783      -0.726362369846435     
  0.794888469274494      -0.600504365177672      -8.687248596082178E-002
 -0.554159736647270      -0.660196657992107      -0.506998381708543     
  0.247101816451195       0.451148401502892      -0.857558051753877     
 -4.616203273815076E-002 -0.764889019043226      -0.642505918479024     
 -0.975643046492978       0.172603380160056      -0.135383599402676     
  0.214452121843974       0.620606849546809      -0.754226375654022     
 -0.513162555338314      -0.247031994272436       0.821972861841822     
 -0.503920369315096      -0.688529448176404      -0.521528005368105     
  0.694786624214938      -0.681837512021508       0.228843077265472     
 -0.977061056720410       0.212294274415522      -1.681762440958612E-002
 -0.134918744003067      -0.555975641266194       0.820175602438453     
  0.164768394897292       0.803630653577271       0.571864624429540     
 -0.509200196466600      -0.476834309089231       0.716480426525227     
 -0.757558027384419       0.643399164625586      -0.110196869758293     
 -0.408437259641923      -0.598887766308926      -0.688848639616645     
  0.430501529789174       0.622001579921910      -0.654050814099202     
  0.544974851173463      -0.756767552263629      -0.360978231240302     
 -0.719493463790771      -0.201039564304055      -0.664764807391903     
 -9.316009696096908E-002  0.714665516933281       0.693234733146508     
  0.813643440133366      -0.346651308648206       0.466708926998862     
  0.573851504016645       0.607524541989024      -0.549188840216971     
  0.405554885024003       0.742777854451545       0.532734731521727     
  0.897554918225377      -0.433890894209418      -7.831896763612001E-002
  0.172975154292759       0.509921318301667      -0.842650488125940     
 -0.824131487648958       0.561445883608500       7.473828232296212E-002
  0.517429127686522       0.692624684720361       0.502531734259227     
  0.230378794352000       0.452823989973026      -0.861322265599716     
 -0.444240264589633      -0.611028068030544      -0.655206293770285     
 -0.417601903842451      -0.505798751767578       0.754835261906544     
 -0.792628057303356       0.608943612158976      -3.047031319639512E-002
  0.632080300401918      -0.774641656191867      -2.011960079480328E-002
  0.520068848427786       0.404823871556960       0.752094426194365     
 -0.574458777231942      -0.485847648455722       0.658748188423488     
 -0.539469267613499      -0.357975895324592       0.762119523216084     
 -0.149729500608064      -0.849913857885056      -0.505200465976231     
  0.828585533272344      -0.386651900992996       0.404902854411139     
 -0.687322650248968       0.725460339079871       3.598431431683414E-002
  0.492526063993672       0.501900609402149      -0.710994975065684     
 -0.533859204979774      -0.470959737879864      -0.702275782406381     
  0.854654179766687      -0.487763845192607      -0.177911956681540     
 -0.467858207177063      -0.574945335365821      -0.671227650889136     
  0.225110930397428       0.656905086495763      -0.719583752145362     
  4.800505839492086E-002  0.971594685390830       0.231731054649121     
 -0.966178488765544       0.104016592891750      -0.235965413249316     
 -0.253366616220900      -0.212566026738719       0.943727207439356     
  0.243589171994584       0.408857410839332       0.879488449548231     
  0.955470419330386       5.456236722533367E-002 -0.289998665285523     
 -0.166555075190191       0.910965732442514      -0.377360359926508     
  0.815244748455564      -0.406507767013321       0.412465071822412     
 -0.578522349396586      -0.603925837702038       0.548256759014011     
  2.622768316643587E-002 -0.685583705986173      -0.727521196063720     
 -0.765075769702697      -1.516424147483845E-002  0.643761689132180     
  0.312724545632960       0.865165524266955       0.392035679726404     
 -0.562905342995147       0.501257081147367      -0.657174948873691     
 -0.659832326096862      -0.520015143365180      -0.542407182943309     
  0.468672238903441       0.279417383763871      -0.838016860290883     
  0.587339453739352      -0.807161803061471       5.934803922383804E-002
 -0.579327231375717      -0.644072589167175      -0.499550256600913     
  0.689459124178119      -0.714120213913178       0.121154596149457     
 -0.434771290535711      -0.274231325643312       0.857771009630090     
  0.503581865567682       0.736611175160324      -0.451452413107184     
 -0.765089268177181       0.622951480340655       0.163002652927774     
  0.401302524775859       0.263316216307148       0.877280373562642     
  0.217214789273855       0.809960003992516       0.544777502521128     
  0.364973204564138       0.450231655402441      -0.814914729541540     
 -0.905324414379121       0.375840722123110      -0.197816724073270     
  0.390636122841536       0.874022743772588       0.288942317599153     
 -0.909461069151482       0.414990435092025      -2.575854188372480E-002
 -0.142421849549765      -0.252719572155323       0.956999913594800     
  0.569415933768176       4.467108445601851E-002 -0.820834933823141     
 -0.516935847506737      -0.756929703880415      -0.399793387821759     
 -0.639173547585793       0.651967727419871      -0.407915749229618     
  0.570082060501953       0.555895684511283       0.604968124974845     
 -0.505345962820252      -0.343322741446346       0.791678566759918     
  0.647790013935936      -0.757039948184703       8.519750405606541E-002
 -0.398225518637247      -0.556891181605742       0.728895498789680     
  0.150882262515996       0.744029784137918       0.650887258420179     
 -0.904793335057321       0.369177318053864      -0.212266645214000     
  0.385387311279094       0.642788382483285      -0.662042079968934     
 -0.518950998167496      -0.442268376991009      -0.731497466991307     
 -0.762998349805575       0.625477240240011       0.163131052027837     
  2.307914529850803E-002 -0.776931680047617      -0.629161757889558     
  0.999721726025232       1.486294597066886E-002  1.831838830799678E-002
 -4.880938989572974E-003 -0.629409451291813       0.777058504270508     
  2.767796927192522E-002  0.638335013906946       0.769260905049387     
 -0.481592005196573       0.682872337869153      -0.549321864396331     
 -0.875958372611237      -0.355265788098907       0.326317558918818     
 -1.067022983318134E-002  0.600602441643747       0.799476612094986     
 -0.585204185600612      -0.652052800498702       0.482040668945395     
  0.810815766589939      -0.462713574961195       0.358432615976559     
  0.418817419694908       0.760809532631904       0.495742699408194     
 -0.469227852283013       0.648716543822629      -0.599159468265916     
 -0.777442725608755       1.832214035661412E-002  0.628686811990503     
  0.715086267442055      -0.693806633902404       8.534626452754651E-002
  0.565668849970474       0.646058365537105       0.512471794826414     
 -0.410694999103802      -0.318183819627178       0.854452265863101     
 -0.540222480831801       0.725408681645915      -0.426546498985362     
  0.647510130438048       3.457581808833857E-002 -0.761272056352802     
 -0.537485164617626      -0.687449458066742      -0.488388104297910     
 -0.562995136317066       0.821366559560944      -9.161578094600120E-002
  0.707378621102533       0.421581081240870      -0.567348991668142     
 -0.427378009366891      -0.384221767700370      -0.818365242623852     
 -0.690596135837392      -0.414017146566600       0.593014990970138     
 -0.712848918062982       0.528144656490090      -0.461421327896102     
 -0.122161357158881      -0.741385880746197      -0.659866333924746     
 -0.678496580227760       6.557912012900180E-002 -0.731670533520614     
  0.491278009171600      -0.699996951717462      -0.518314755038530     
 -0.546157768711225      -0.711128431852761       0.442727958329953     
 -6.647639040133566E-002 -0.855471215144199       0.513565857100058     
  0.515960166831842       0.411074907799229       0.751533449967939     
 -0.854029271021823       0.314938756328215       0.414062294830585     
 -0.416536202144756      -0.470400018763554       0.777959777012971     
  0.794628934563770      -0.604104906602997       6.018403585863119E-002
  0.441658746836142       0.643258178467583       0.625425029222285     
 -0.411756696885927      -0.457977423185323      -0.787853477762282     
  0.104725665356667      -0.882596570026418       0.458318480527685     
 -0.905256293866656       0.106207224001638       0.411377038718341     
 -0.365025321323554      -0.894593831432212      -0.257795251228705     
  0.889552722838754      -0.416836425707242       0.186931397827573     
 -0.274686126484021      -0.161087774107924       0.947944228818425     
  0.752011457485911      -0.649509463636068       0.112321967829552     
  0.203768895737964       6.701850920008734E-002 -0.976722456255782     
  0.626862827849639       0.757394201239873       0.182748512958569     
 -0.714783804061536      -0.509558521766912       0.478992929327814     
  0.132173835554549       0.574141571922060       0.808017037311507     
 -0.686741720478754       0.640867824348817      -0.343036792586881     
  0.374786200903823       0.421814883801433      -0.825595244302959     
 -0.874747979913917       0.455925984980268      -0.164156839200484     
  0.307166526901289       0.783711490296879       0.539856485307015     
 -0.869684437226037       0.448550852239455      -0.206036677807837     
  0.466480417027229       0.610393616255589      -0.640168457333324     
 -0.161384634265266      -0.652856619932496      -0.740090017250188     
  0.735328522087636      -0.548482290816055       0.398069266919196     
 -0.568810511795770      -0.180159426903908       0.802494350489952     
 -0.368438008727450      -0.816522968175928      -0.444458857675402     
  0.310006191411173       0.627433094111279      -0.714299568598978     
 -0.942491225841480       0.104091368290351      -0.317608684168534     
 -0.124925779959800       0.771681734565092       0.623619154644921     
 -0.261014729503646      -0.391055658453765       0.882579618489703     
 -0.887863917520628       0.456113639251157      -6.048150175044237E-002
 -0.378904968226945      -0.799397160415495      -0.466256587055433     
 -0.567015377355672      -0.583629168180904       0.581266338170954     
  0.340736162467952       0.476274775154976       0.810593119966911     
 -0.749928282856980       0.657677225240120      -7.119155828916179E-002
 -0.220119478942154      -0.569973049166878       0.791630051358364     
 -0.112749334782215      -0.791229383545300      -0.601035481582154     
  0.968934983627076      -0.221555378715877       0.109900917492357     
 -0.824851132406376      -0.539135157322916       0.170158430606049     
  0.543736806528851      -0.674106442322333       0.499930784854597     
 -0.154825368056157       0.504889875673817       0.849185091042202     
  0.565707961394072      -0.821195086859253       7.492083644479000E-002
  0.513404650018741       0.279658096089026      -0.811299583773464     
  0.645283013688178       0.497423339430394       0.579810187591955     
  0.275873588064822       0.255734757472015      -0.926549241664452     
  0.328187018611066       0.880966321939726       0.340868919708400     
  0.903430708036549      -0.398118165157937       0.159106512587816     
 -0.327977852339470      -0.496671999437700      -0.803584129602711     
 -0.924111089786697       0.345243553648055       0.163785171482968     
  0.196084731960527       0.796318914530491      -0.572212341926446     
 -0.160734085380855       0.932095906741877       0.324594784973232     
 -0.325003176232813      -0.360513132327663       0.874301559450674     
  0.931953587489937       3.503572540045191E-002  0.360880878837188     
  1.525993471703558E-002 -0.384594906716681       0.922959312277643     
  0.563676058984848       0.765717000804611       0.309752764646423     
 -0.825854972086348       0.515523260781101       0.228471732767707     
 -0.126421886111886       0.786199920949727       0.604902629363236     
 -0.609583235401487      -0.542643536254091       0.577880845572087     
  0.782576376994200      -0.295681715464953       0.547856310824594     
  2.328854834010256E-002 -0.932040662471456       0.361604545070965     
 -2.516779004581876E-002 -0.362134594836170      -0.931785982705821     
  0.999411940022942       1.259915563091461E-002 -3.189099272471299E-002
  0.668125856965976      -0.532555951922843       0.519607541636027     
  0.743464516952495       0.450180927922533      -0.494568139054065     
  2.946780083539403E-002  0.716743531680867       0.696713971804473     
  0.762440511499243       0.330236689668490      -0.556442445560698     
 -0.139739249432485       0.923699444838534       0.356724372272249     
  0.631789053872271      -0.194224263164472       0.750412904343602     
  0.673670438729718      -0.737058787066345       5.396743823824174E-002
  0.516155304469741       0.416986609954066      -0.748134926859296     
  0.528915722634011       0.531851963921639       0.661348355122501     
  0.564185925805501      -0.734854953067370      -0.376407278191248     
  0.767456273597982       0.298633503374579       0.567299655188794     
 -0.304475137306954      -0.608938608247645       0.732453863494031     
 -0.999847730009762      -7.429158993288668E-003  1.579000921403910E-002
 -1.043302469934661E-002 -0.470832731513507      -0.882160807863936     
  1.398816606813863E-002 -0.882191218802467       0.470683529218803     
  0.361806567565304       0.316475811839094      -0.876891708358221     
 -0.926260052533377       1.554944598698699E-002 -0.376564111155543     
 -0.105538252531864       0.948473128375435       0.298764793779716     
  0.175482762111816       0.760274194592008       0.625450996672866     
  0.399359655715800       0.525716220557556      -0.751088756958348     
 -0.899843133878436       0.381583024360561      -0.211368706131447     
 -0.715033209979690       0.312338786466608      -0.625437439792908     
 -0.231574635055843      -0.949957231578135      -0.209653157789620     
 -0.659621631713889      -5.073523526387264E-003  0.751580709128523     
 -0.340978811962857      -8.974312883751380E-002  0.935777548682833     
 -0.732056191060851      -0.599152458639464      -0.324206823549050     
  0.589768753768693      -0.795589405493021       0.138601280460836     
  0.269019313217361       0.268590036458771      -0.924925943755031     
  0.794350941652257       0.481180941836048       0.370771469654755     
  0.544642259297085      -0.834460480507525      -8.390778187342166E-002
 -5.546310880392689E-002 -0.923243349565745      -0.380191479447431     
  0.986457946831281      -0.109532796021834       0.122079014286052     
 -0.154352073828694      -0.368272024566437       0.916815768421617     
 -0.931265687057620       0.242623376080570      -0.271805293341326     
  0.138478221005587      -0.454326878692948      -0.880006175889835     
 -0.336998519902130      -0.857158669486805       0.389500979340726     
  0.408215048386919       0.671840521874545       0.618054032781766     
 -0.705389053030200       0.661899902025811      -0.253603634759795     
 -0.579471102071211      -0.332443728870858       0.744106450045164     
 -0.931771407042759       0.255100659598441      -0.258313179086934     
  0.139186276702787       0.908161693368447       0.394803139647814     
  0.335304675474669       0.331912627314172      -0.881705609846184     
 -0.705815680812775       0.630781036180950      -0.322396509151830     
  0.394520094408150       0.728012770592786       0.560670403144307     
  0.588369033708423       0.268538061079434      -0.762698623261321     
  0.266179432112699       0.807047734020191      -0.527088668947679     
 -0.933739516685683       0.351648616547731       6.688621277703724E-002
  0.239330367692337       0.474359784860545       0.847173990162179     
  0.211085041931023      -0.924561212282552      -0.317221799086373     
 -0.748127660282244      -0.361680241217339       0.556320417595456     
 -0.629085136522548       0.119891483665792      -0.768035105415646     
  0.669624936049626       0.344717830902052      -0.657854134347971     
  0.676051644342237       8.382200153311727E-002  0.732071066387096     
  0.307500600328995      -0.934956410276525      -0.176917753999256     
  0.230932122801275       0.959161691087241       0.163337702350563     
 -0.616089589088791       0.274085060346685      -0.738451757335006     
 -0.753063060357432       6.990157398383870E-002  0.654224576945623     
  0.966185787757127      -0.256956256781266       2.141274473535271E-002
  0.216937817732595       0.854971859917379       0.471127479549683     
 -0.139366447804199      -0.450551440848187       0.881805189583313     
 -0.204685601193054      -0.450387734549676      -0.869053906976690     
  0.242779581140129       0.836748180930068      -0.490826401787480     
  0.948241466951146      -0.311453640655288      -6.192535891624307E-002
  0.412794954422725       0.379949053708150      -0.827791665933779     
 -0.895624275822517       0.334665021972649      -0.293012763587935     
  0.165702993818858       0.862344501724414       0.478439628568892     
 -0.768924534538336       0.429929580402540      -0.473197227464299     
  0.639339506241260       0.517343937737765      -0.568858722219468     
  2.365252308318411E-004 -0.739943109962435      -0.672669412174313     
 -2.009627463238381E-002  0.922545959069873       0.385363585656129     
  0.353334253272815       0.367122332221774      -0.860451101834490     
 -0.935281265294051       0.118870293126140      -0.333344878769816     
 -0.566086928363523      -0.399535952922135      -0.721052433501582     
 -0.733143551033422       0.643921628422974       0.218781786324204     
  0.376890067677639       0.652484450980793      -0.657432824031655     
 -0.259892457479536      -0.606174381256982      -0.751670493004058     
 -0.375479594416445       0.780599022882005      -0.499680137340401     
  0.889646550446923       0.152373833000864      -0.430477909182940     
 -0.475401598414998      -0.151450042756549       0.866634989354517     
  0.178458772858473       0.947991054522850       0.263562946816322     
 -0.861478837008961       0.279956862915869      -0.423648873823586     
 -0.431048227610413      -0.513897397434608      -0.741691910690590     
  0.423674199312765       0.610466734633123      -0.669201418664859     
  0.796679106234505      -0.602693811828452      -4.541553559170297E-002
 -0.469012405840707      -0.558043003367177       0.684554869649214     
 -0.454844152155442      -0.511783475050377      -0.728830893908428     
  0.757062851035176      -0.653196510292501      -1.378979782992550E-002
  0.660285742982160      -0.706346375410063      -0.255142186945954     
 -2.181864443332072E-002 -0.357628490446438       0.933609023936730     
 -0.750697465274520      -0.610881871367999      -0.251548513937852     
  0.774828549340619      -0.632170730887868       9.413476568758232E-004
 -0.582504999113375      -0.714532046474165      -0.387468554297466     
  0.245618902234006       0.299673358125379      -0.921882440062300     
  0.180357833401753       0.794512396549999      -0.579845758507383     
 -0.983408805691006       0.134001949440685      -0.122272639766567     
 -1.944666603852815E-002  0.592278253251353       0.805498788270667     
 -0.700514305556840      -0.630958177967136       0.333423882417877     
 -5.690731650084373E-003  0.472140907191229       0.881504724508003     
 -0.713615669168989       0.615609244093228      -0.334332073399277     
 -0.694984217665612      -0.565306345212233      -0.444326088878996     
  0.311188607677468       0.320603661374121      -0.894636765824693     
  0.648196411319498      -0.760027649744597      -4.689759030299090E-002
 -0.915833684271455       0.391562616332908       8.903583685404969E-002
 -0.177637417457877      -0.593904834503178       0.784679549544047     
  0.360129991354051       0.702819866711436       0.613474224628102     
  0.889767074737955       0.208912228537191      -0.405795802688849     
  9.312514837868965E-002  0.787293148490818       0.609505705534297     
  0.446813450392565      -0.580107902986193       0.681052539413261     
  0.413027340938474       0.732742263316793       0.540830094564528     
  0.127772344998586       0.541353401402034      -0.831029916816483     
 -0.901710953405167       0.412341206211350       0.129969558625523     
  0.562907136537423       0.594845669655844       0.573841602645651     
  0.620487331056908      -0.762793223017771       0.182049363953946     
  0.546013761395365       0.253584558303244      -0.798475950894599     
  0.633248832660002      -0.719820782685956       0.284348301820362     
 -0.366066579365968      -0.602275215448848      -0.709408080252363     
  0.681902614312370       0.345141428503480      -0.644892408797415     
  0.427174930836416       0.457441727375640       0.779915793224175     
 -0.898338025237089       0.312528945546180       0.308730384978414     
 -0.102520099873292      -0.832509894386477       0.544441828729743     
 -0.158607676650953      -0.411334251129616       0.897578820357870     
  0.514171228729675       0.741677476403640       0.430746408623616     
 -0.842894745774348       0.529828892042672       9.386049596519243E-002
 -0.574865660054045       0.795397099450156       0.192023246188855     
  0.483844343726831       0.519687170273522      -0.704144797677758     
 -0.659866747104428      -0.311879302358104      -0.683598695746593     
  0.775477282688727       0.487254568973573      -0.401519574925165     
  0.246760123547675       0.351466233387514       0.903095193329657     
  0.581157831798251      -0.799408826447876       0.152319081985103     
 -0.682230373677433       0.726241164029446       8.447182311934229E-002
 -0.646117354097224      -0.544787091757191      -0.534545965646683     
 -0.342190125465877      -0.419262204740539       0.840907320523344     
 -0.557652306590461      -0.592162428449446      -0.581693702292876     
  0.572689017612767      -0.781742404589967       0.246791616493795     
 -0.600875356509203      -0.195505680732687       0.775065374495072     
 -0.977769301925763       0.202993787162250       5.254250265388556E-002
 -0.149845936677956      -0.851731142099634       0.502095864192047     
  0.146674426785013       0.483060642105295       0.863214358416325     
 -0.297863360096412      -0.934053531611699      -0.197031517265102     
 -0.135389304504917       0.245649370678887      -0.959857345083498     
  0.944958811238749      -0.259230373931721      -0.199630804971252     
  0.401240032124200       0.139896711425822      -0.905226682523892     
  0.697134399524620      -0.687681168978073       0.202727005681035     
 -0.594146501816193      -0.712406850026858      -0.373452024247279     
  0.646979248600403       0.589097399107738      -0.484130257518529     
  0.754228720399058      -0.587722737932025       0.292781523738921     
 -0.112057526323127      -0.554568514867354      -0.824558592892075     
  0.850318401252998       0.325764354601116      -0.413323362226071     
  0.263118320930522      -0.943337870022967      -0.202193996377825     
 -0.455771176887316       6.317632667266462E-002 -0.887852119480998     
 -0.808248660028218       0.572642022063928       0.137168575589039     
  0.510292026626082       0.564922348205013       0.648432562461494     
  0.293830139918348       0.594090780154910      -0.748812388926956     
 -0.725047920827020      -0.634283209518477      -0.268310123974767     
  0.679511922693067      -0.722274057003441      -0.128777845523840     
 -0.112111816604615      -0.275690037365752       0.954686306529471     
 -8.197275350811058E-002 -0.649554344267758       0.755883338568315     
  6.173765608273447E-002 -0.760288726880864      -0.646644812551129     
  0.994720528341357      -6.340790231352343E-003  0.102424923117049     
 -0.686606329707676       0.726263565911990       3.336136739035248E-002
 -0.664124515977876      -0.607867213008191      -0.435242551489174     
 -0.295821526063445      -0.320996392781064       0.899694915256855     
  0.236254342049573       0.343388721646444      -0.908992888700866     
 -0.764900559615043       0.642646072470836       4.396770904202139E-002
  0.599258725229193       0.684901607082236       0.414486150375199     
  0.738403513943890       0.257157791820774       0.623402053815336     
  0.451669263890202       0.497857170388573      -0.740360124499939     
 -0.500754557295486       0.828256064269104       0.251469213521766     
 -0.184079354549982       0.807356902573421       0.560615396769938     
  0.456308426345797       0.575368661218905      -0.678773543778032     
 -0.870573036151640       0.130865333661051      -0.474317249498158     
 -0.316463620755345      -0.615119189514614      -0.722135139312097     
  0.715495264047990      -0.654606122961464       0.244043747935198     
 -0.622830076235336      -0.439453304086163       0.647273890763747     
  0.581345530502115       0.578814863104131      -0.571848518766081     
 -0.652300196048170       0.751642145219047       9.766544816888237E-002
  0.486355660397547       0.316239529123504       0.814524850338534     
  0.379880394752501       0.643956475103648       0.664086548466967     
  0.860578864061709      -0.509314709694573       1.595374248099489E-003
  0.339256399221801       0.570892796119217      -0.747654004821909     
  0.822631591175889      -0.527995269697927      -0.210946107752759     
 -0.533653853194101      -0.588982065476937      -0.606888533025307     
  0.196190800422736       0.611817882807568      -0.766281963839912     
 -0.338230524557013      -0.476982099804535      -0.811226348637632     
 -0.465358783150856      -0.664482597802361       0.584725645206520     
 -0.817949457608625       0.575283368162059       2.780488063920644E-003
  0.848183484704881      -0.269663904877814       0.455923408786974     
  0.119750160220523      -0.740815972255608      -0.660947497444492     
  0.515989026434714       0.615201652839967      -0.596055577057986     
 -0.406962021040937      -0.455579110570159       0.791725702148401     
  7.214898315436885E-002  0.848007159084706       0.525050837891796     
 -0.910591257184071       0.270797954484868      -0.312237137744286     
 -0.926533377940480       0.203325033269849      -0.316535670040549     
  9.410032397479547E-002 -0.689380494255648      -0.718261556236778     
 -0.364254071480392      -0.695279415045242       0.619601086526084     
  0.490514124719944       0.338381691820238      -0.803052752993912     
  0.739741461434220      -0.648794501558914       0.178460821980859     
 -0.460628335738685      -0.681588970999234      -0.568557834284970     
  0.335754703447721       0.797984083495892      -0.500489941557224     
  0.936781345217015      -0.338460664881380       8.879802690068082E-002
 -9.853674627331745E-002 -0.498663995908342      -0.861176363365015     
  0.434556557441492       9.799195698449058E-002 -0.895297813440282     
  0.168472289663650       0.967672999861964       0.187686048905174     
  0.884747244132519      -0.232393075853171       0.403999718187297     
  0.389886633101935       0.717243368858605       0.577538191946468     
 -0.852914102830357       0.517713468264791      -6.715875200097718E-002
 -0.347168469941503      -0.466406169133300       0.813596545514345     
  0.541691007246936       0.623481556025175      -0.563774424716328     
 -0.411695039977243      -0.387961039125701      -0.824617139149219     
 -0.732856088687224       0.678790823020563       4.652925807628946E-002
  0.205340523329211       0.832071078191519       0.515260119081700     
 -0.898294889864990       0.369206483571706      -0.238228594696483     
 -0.388460500336046      -0.413937547615359       0.823258250097046     
 -0.708363941379472       0.690675625590706       0.145559976532793     
 -0.345649481319650      -0.519227988859941       0.781619300969416     
  0.615424213544444       0.503358198303502       0.606534056408917     
 -0.851071491895962       0.435138054516752      -0.293823397967824     
 -6.788400845018808E-002 -0.646106147015032      -0.760222735904501     
 -0.520642945864742      -0.627057987988963       0.579421437833049     
  0.134817538858891       0.705750133789551       0.695514902695882     
 -0.932605902119865       0.327525152463483      -0.151570135036439     
 -0.334769267626560      -0.628206990696381       0.702342875163530     
  0.617853415021719      -0.771034709768879       0.154151334336168     
  0.640405045607135       0.379701287537758      -0.667613892757702     
  0.456222023916999       0.511206815852243       0.728374255667571     
  2.460818231958065E-002  0.604140753437179      -0.796497575262652     
 -0.908580571081478       0.345843987286609       0.234250469179799     
  0.416984152236248       0.717917743543129       0.557421142664826     
  0.407529090015918       0.280021552270972      -0.869199615194665     
 -0.811963116911508       0.546686231969100      -0.204572873448013     
  0.417894648884317       0.789127425729953       0.450157715022935     
 -0.289359134383407      -0.662773421401138       0.690653808527192     
  0.951480551474611      -0.278046516126561       0.131813865110813     
  0.104671158942925       0.695285212523689       0.711071319722173     
 -0.853372276102461       0.258539991054711      -0.452672985062214     
  0.483529506208490       6.804497752024541E-002 -0.872679263910884     
 -0.194820365992571      -0.963601034692107      -0.183079411553625     
  0.172830240453151       0.383251584474357      -0.907330111361240     
  0.309424937247505       0.853428358901402       0.419423705138656     
  0.935086047481345      -0.353239662581589       2.891063100248266E-002
 -0.804425339594875      -7.303266141057457E-002 -0.589547371620770     
 -0.320954369743550      -0.781671844462610       0.534768566874439     
 -0.499888153050450       0.619399191105146       0.605356487119863     
  0.351331017195277       0.510363756592897       0.784917417511497     
 -0.522389732582928      -0.588872442932621       0.616715666451327     
  0.776965561430151      -0.626704142248121       5.971963195279667E-002
  0.616032962726570      -0.745923589915880       0.253182516855589     
 -0.622929253984673      -0.264582055193408       0.736176256476485     
 -0.482143685393081      -0.611223636712978      -0.627648892740948     
 -0.413785670391919      -0.496837189402018      -0.762846135341468     
 -0.643152120302427      -0.433514017047307       0.631205946719452     
 -0.644311081022826       0.751810085228052      -0.140160003640793     
  0.465628938014759       0.600148721905660      -0.650393114722358     
 -0.881869185829963       0.376223221341671      -0.284188013130204     
  7.413791989828779E-002  0.705887809299962       0.704433083773651     
  0.101671922185057       0.430881251864708       0.896662794494506     
 -8.201021303436997E-003 -0.900939864865660       0.433866457732591     
  0.994784179351872      -5.146558740894303E-002 -8.806662150824288E-002
 -0.332847973471345      -0.698837874001145      -0.633117566031443     
  0.654620233298888       0.312019470188087      -0.688560963444236     
  0.678737487333452      -0.643637690075018       0.353618363781021     
 -0.261262953315527      -0.483499354333245       0.835446014763482     
  0.806675659283935      -0.584687268702507      -8.611143092546486E-002
  0.530109469773629       0.651436237997655       0.542784283007333     
  8.792716077197273E-002 -0.729944413093637      -0.677827388198474     
  0.840047150528557      -0.311359872173465       0.444269979729641     
 -0.535340638554026      -0.608470363940191       0.585810734725013     
  0.357761200931843       0.657320620087079       0.663277110652964     
 -0.881549939396714       0.472027895289909       7.705220167433137E-003
 -0.308020498437126      -0.587468525519893       0.748334219494223     
  0.237403220141747       0.441489973708812       0.865289728461469     
 -0.630145884278276       0.747901933460653      -0.208707600371826     
 -0.739294173920963      -0.495710904701933       0.455757417236530     
 -1.540788210758001E-002  0.803629287319441       0.594930723472411     
 -0.703895700837766      -0.431300037351990       0.564367894305020     
  0.710136211941814      -0.410073464567777       0.572316620539986     
  6.902253359143601E-002  0.536180755196295       0.841276463247219     
  0.528034128118806       0.695841057620204      -0.486811238645749     
 -0.846413521512051       0.477823628849733      -0.235093024810268     
  0.449132139081662       0.510273372403922       0.733417621181452     
 -0.307131990581970      -0.682669479444627       0.663047752575905     
  0.839017438439207      -0.523052069349057      -0.149887526981338     
  0.897022383192105      -0.180972006457201       0.403236874468606     
 -0.159925162358681       0.717616842003154       0.677827419420291     
 -0.412037360559580      -0.672514089779743       0.614776392317417     
 -0.352575926668462      -0.588334528547756       0.727703716118287     
  0.593020274873381       0.461083066926043       0.660097991955114     
 -0.723890302133531       0.664277718964413       0.186327514244305     
 -0.509743533405391      -0.133569420009293       0.849894546511370     
  0.513178657273646       0.745679778483059       0.424981568635951     
 -0.690513718813901       0.652779348631555      -0.311560469459716     
 -4.092468064899543E-002 -0.286348952921659       0.957250984681890     
 -0.835262935430948       0.535570469524457       0.124499401077388     
 -0.548325632456712      -0.794461169179477      -0.261094717405244     
 -0.614060502747394       0.771991746908960       0.164190260582257     
  3.274579066954679E-002  0.232771341083774      -0.971980049159183     
 -0.788579363259681      -0.591478017744120      -0.168215166873986     
  0.503685653966413       0.741703586793327      -0.442918221939830     
