 -0.499469878947533       0.747079623209695       0.438636383134170     
  0.527230447654830       0.663882853849853      -0.530365545100612     
 -0.687428465434719      -3.363915797182234E-002 -0.725472612826418     
  0.347808669154927       0.599193967376620      -0.721107286830612     
 -0.316929369998665       0.798990997441646       0.511047121545031     
  0.882374582642301       5.079345889671882E-002  0.467798162074692     
 -0.600787958963693       0.675803541251176       0.427016863831679     
  0.477717387979260       0.731807487742000      -0.486049275389838     
 -0.640967959875233      -8.801917130448622E-002 -0.762504229428620     
 -0.839106745131131       0.514594016849861       0.176331699072416     
  8.841708926527768E-002 -0.190823333398237       0.977634325173093     
  0.536732977001888       0.835930292101643       0.114622241059677     
  0.352830824474028      -0.857377878165106      -0.374718005083852     
 -0.351379167554271      -0.492572672027027       0.796181413611823     
 -0.867204180057977      -0.149249243901620      -0.475059547093910     
 -0.270077413658377       0.930564101150607       0.247201626777370     
 -6.334554585290288E-004  0.256570751492690      -0.966525244477688     
 -0.962838402519382      -0.261193229483923      -6.870449407419169E-002
  0.576761406537705       0.440249158763334      -0.688132950916361     
 -0.168981292939758      -0.759843734558301      -0.627760162553267     
 -0.799244394766157       0.478349430082890      -0.363854669029253     
  0.605996662000322      -0.771554836439012      -0.193574740118968     
  0.398184261167639       0.504888202840384      -0.765857164744827     
  0.688634402134336       0.387028470529400       0.613181558102515     
  0.381647072709558      -0.918292251154952      -0.105284630221929     
  0.387109870014259       0.262232886501620      -0.883956934343861     
  0.839339895650077       0.296602856873963       0.455560407481253     
 -0.176343897902293      -0.528555671063544       0.830380474396620     
 -0.919862182958591       0.388764756661761       5.211073152792869E-002
 -0.350366085737925      -0.754646186344708      -0.554754665956613     
 -0.510546625563498      -0.491918798353504       0.705236158284654     
 -0.295920365885856       0.870604061211859       0.393039063777807     
 -0.807324767475669      -8.028974269112261E-003 -0.590052756448501     
  0.285305033259856       0.388261292724232      -0.876272906444462     
 -0.225369847148263       0.915814573002028       0.332403519646619     
  0.931562917892715       0.102649093757072       0.348788895405040     
  0.758567278052473      -0.509396047950626      -0.406314349980826     
 -6.967159925148768E-002 -0.683403189912377       0.726708984584112     
 -0.647859207641486      -0.522949085810298      -0.553897734897389     
 -0.139698127537232      -0.448851937385102       0.882619040961852     
 -0.456259014455285       0.820274295403345       0.344931575865031     
 -0.878812918026924      -0.354516598491964      -0.319383525722522     
  0.297784246614861       0.507228096965043      -0.808729992096967     
  0.400215032278777      -0.835453103794393      -0.376624533585505     
 -0.866690527470082      -0.211513046901537      -0.451785082295102     
  0.593933494832325      -0.699686458278116      -0.397091757429538     
  4.794606773561940E-002  0.523486411277079      -0.850683931784858     
  0.803084166389214       0.486210692303747       0.344463328069354     
  0.121916299127608       0.399005763431824      -0.908807359540641     
  0.369700767559221      -0.868004378724816      -0.331496215635567     
 -0.921117668093043      -0.295571986600557      -0.253336618482005     
 -0.546047587092539      -0.572299251299828       0.611805197421522     
  0.614349183383787      -0.770056155383397      -0.172013367014934     
  0.569567479326175       0.281934539419702       0.772078883260023     
 -0.414652873571155      -0.748353539628620       0.517716113487383     
 -0.646836751239847       0.642562978493181       0.410749358995826     
 -0.640050944601154      -0.164559406887571      -0.750503157834929     
  0.627540882891167       0.585831715671937      -0.512829056521892     
  0.774227310581987      -0.399960956508159       0.490513307483288     
  8.224665251119699E-002 -0.704863415267012      -0.704558765447238     
 -0.762461723409834       0.645290259499240       4.746157741068482E-002
  0.377773970495372       0.503520094165296      -0.777016307414421     
 -0.525298912573640      -0.574515444324306      -0.627688662221745     
  0.422987990838499       0.554237720296732      -0.716869380714971     
 -0.526716833741692       0.794133686821120       0.303184868535710     
  0.737326614641913       0.249343612021951       0.627835349820423     
 -0.312021483066825       6.019620055564446E-002  0.948166130772203     
 -0.793649006205264       0.532093322305458      -0.294954151195691     
 -0.522267985859998      -0.844543139097258      -0.118249892807239     
 -0.714754138122284       0.649757218590919      -0.258731673604348     
 -0.598431565481692      -0.376741457346978       0.707068268098061     
  0.361947763457874       0.660213171032959       0.658112745145542     
  0.243883735133487       0.427303854448417      -0.870592981657254     
 -0.692152235323353       0.705484835878109       0.152369384992627     
  0.679298172288424       0.565422463578835       0.467815594872733     
 -0.334765080718299      -0.447828407277806       0.829085073057483     
  4.958056866265455E-002 -0.887003397728217      -0.459093388788862     
  0.940996337900684      -0.112581925963214       0.319141351134033     
  0.528295386073746      -0.745626117467430      -0.406135048972128     
  0.186396258272323       0.568514910340474      -0.801278498165656     
  0.828348006549945       0.347609680059394       0.439325722413056     
  0.522823056941005      -0.793058080229946      -0.312593877919686     
  0.410145805623443       0.555497219554149      -0.723327904340170     
  0.747286069226933       0.249963438225629       0.615696199671774     
  0.415554390740380       0.389839847929891      -0.821790387691680     
  0.526914186000033      -0.839627972860220      -0.131857149152241     
 -0.741401368307451      -0.378219195912425      -0.554323236852790     
  2.251543481061326E-002 -0.672231265168445       0.739998771164729     
  0.156020283979880      -0.728754697880482      -0.666764022202720     
  0.987497203126509       0.130467300297908       8.847348399866743E-002
  0.265437351471586      -0.936782979754181      -0.227992678142596     
  0.311859090868564      -0.140339033582070       0.939706796344430     
 -0.912297604889363      -0.320534872511837       0.254893067025261     
  0.131690514536486      -0.899617870681696      -0.416347565300037     
  0.392693969817764       0.432988077737923      -0.811364758050027     
  0.910191767953394      -5.664813577725558E-002  0.410294935702533     
 -0.255255499048847      -0.528430873101527       0.809694660077798     
  0.426081154463088      -0.813214055220434      -0.396406042087381     
  0.867928268935164       0.243810813429546       0.432731795963873     
  0.399223689245021      -0.852442226428128      -0.337583614157779     
 -0.120234237453436       0.316342865824418      -0.940994643654240     
  0.908935737051712       0.416256461624536       2.379882489306106E-002
 -0.525939444385586      -0.457529118160378       0.716976155025243     
 -0.292607080666591       0.888860885266887       0.352572578324438     
 -0.798604280719306      -2.436047367994346E-002 -0.601363259718231     
 -0.456644740009667      -0.520576867326159       0.721439745665801     
 -0.760952951206384       0.648664691229917      -1.359133554310633E-002
 -0.460897154983558      -0.555188115467512      -0.692343822801827     
  1.769986960477796E-002 -0.589968018723194       0.807232588229551     
  0.277105158843788       0.778626986331876       0.562985565621239     
 -0.960676556161204       0.213723543484312       0.177264777669868     
 -0.627942564173008       0.622858555678434       0.466621212246059     
 -0.111901806165806       0.521080030438577      -0.846140406584494     
 -0.770172787027037      -0.583543333006839      -0.257509333086764     
 -0.177715924053566      -5.885380086565596E-003 -0.984064231968134     
  0.723673766529315      -0.678424807355724      -0.126633567436222     
 -0.666868300322425      -0.734646270708176       0.124825986714779     
 -0.262413329002637      -0.434973386759769       0.861357880078016     
 -0.144250132555855       0.900292473407903       0.410688886607242     
 -0.954112752256933      -1.648075046028754E-002 -0.298993713721349     
  0.570358887531964      -0.771424155716878      -0.282126764752626     
  0.146094150785963       0.433268937797419      -0.889344998662512     
  0.808298978422850       0.466028753958758       0.359819346289536     
  0.381526026422884      -0.868402225935904      -0.316726167456260     
  4.213226454162038E-002 -0.325951065074202       0.944447338638626     
 -0.923397402772003      -0.373675630950880      -8.777106235437854E-002
 -0.488059430933266       0.756417328207385       0.435466207029534     
 -0.361984725629123      -0.629414476081101       0.687607792066593     
  0.794207183478221       0.177961352229048       0.581003190029690     
 -0.650520084195593      -0.475680869238457       0.592073754441710     
 -0.249042350968624       0.870066009379990       0.425397516148847     
 -0.717496709039549       0.129278188268826      -0.684460095663723     
  0.359928750828947       0.561638886514430      -0.744991983501563     
 -0.683068791256090       0.702543019399477       0.199625480099688     
  0.635506349880680       0.437029823979934       0.636503426709792     
 -0.421700216538814      -0.772339025596273       0.475038268892140     
  0.662420246928002      -0.620159115449747      -0.420240512069534     
  0.619167460248869       0.137459452441653       0.773134241321460     
  0.102065297912161      -0.851471056194437      -0.514373128599479     
 -0.247242737445362      -0.522561410059037       0.815966054133121     
 -0.963563025308976       4.389320198197671E-002 -0.263855420784082     
 -0.485253794995999      -0.439408698657721       0.755942292761779     
  0.283843784630680      -0.896894491383090      -0.339135632532506     
  0.827019625141115       5.000266863512920E-002  0.559944883681320     
 -0.136828009100847      -0.259592888741170       0.955975746575507     
  0.447294447116646      -0.877258916455173      -0.174196644854390     
  0.883858457845299       0.403767662914083       0.236148048649438     
 -0.562469842209398      -0.432556117726848       0.704643797689289     
 -0.628916688464800       0.777070470314626      -2.500566206895734E-002
 -0.536741535168910      -0.457227174588276      -0.709120465959383     
 -0.447607289350381      -0.568557663989314       0.690210038495188     
  0.542019641552354      -0.786401182607128      -0.296290209365116     
  0.711240059819575       0.241485740186016       0.660168322926191     
  0.572747567427930      -0.794074272098331      -0.203485317398766     
 -0.470654881767220      -0.521794620207001       0.711487425462817     
 -0.671151403391292      -0.311731334187716      -0.672591532069387     
 -0.442556278964613      -0.608699896159577       0.658504651740833     
 -0.747965423367690       0.655638710749277       0.103371206887508     
 -0.494663183788048      -0.446791133956666      -0.745443503709154     
  0.429036929817329      -0.900611307503209      -6.947363277016083E-002
 -0.507846506205697      -0.304104159566765       0.805985475222016     
 -0.747006853374059      -0.310515592090930      -0.587844220930163     
 -0.366031012789776      -0.373453282304572       0.852381336968405     
 -0.464561527185231       0.866979875085066       0.180356545921724     
 -0.806352209109436      -0.329967486479297      -0.490833548905581     
  0.646896480352906      -0.493727330309087      -0.581169740276363     
 -0.162360473277981      -0.833811294016155       0.527634156104460     
 -0.745093296456265      -0.246965684411845      -0.619551394396856     
  0.349151762202241      -0.857051296908571      -0.378888006432543     
 -0.288329934541750      -0.482976660199202       0.826800698203652     
 -0.891604674616343      -0.179434166674445      -0.415745696347541     
  0.298036557927317       0.552661800603590      -0.778292454217852     
  0.201920422496993      -0.833396856803004      -0.514468484991587     
 -0.932953564287862      -3.822724752908824E-003 -0.359976434864838     
 -0.125146056850947      -0.316569123185013       0.940277860369202     
  0.222098770473479      -0.932615739106820      -0.284429287037048     
  0.966959461719811       0.173239352965883       0.187022795335636     
 -9.023702558527179E-002  0.339560922725234      -0.936245512123559     
  0.889062286701358      -0.396175468912993      -0.229375779446980     
 -0.448804556103072      -0.853078764001009      -0.266141114507951     
 -0.114357697882687       0.767366861120922       0.630928218887383     
 -7.912588274113680E-002 -0.640112632436144       0.764195598309835     
  0.990283500627687       3.746889708904629E-002  0.133920387303517     
  0.696305426586637       0.384598541771039      -0.606005540051858     
 -0.120558962039452       0.894993068877985       0.429479852067932     
  0.707548082873324      -0.225989752705678       0.669555331614851     
 -0.160784975901657      -0.440958044317572       0.883008603964846     
 -0.542735444671365       0.786744488323527       0.294060108123993     
 -0.824370322501787      -0.431959619923170      -0.365820253859952     
  0.478539124971630      -0.850805402482830      -0.217095538824055     
  0.448436135741484       0.449374480889465      -0.772636789239636     
  0.754920749504525       0.272383448526604       0.596575157826773     
  0.489343872027422       0.672565973017838      -0.555155461873351     
  0.188276126438178      -0.703042033315854      -0.685772556759592     
 -0.851524911627688       0.231056078322352      -0.470657426954674     
  0.462446299300647       0.387180085131384      -0.797643405251181     
 -0.178320250273710       0.921849478902872       0.344086365014196     
  0.868530545580127      -1.688549448709738E-002  0.495347929712626     
  0.568647773269280      -0.750610274349711      -0.336487631268260     
 -0.445298994346163      -0.624841132653049       0.641313000475668     
 -0.691627439876277      -0.214843605875387      -0.689560519043833     
 -0.700993377594295       0.703196276945635      -0.118841409696967     
 -0.470289906892910      -0.330526103889424       0.818278618883778     
  0.536130290175393       0.629497808365915       0.562402721560698     
 -0.182623958452629      -0.594502650498334       0.783080512048119     
 -0.616225095019794       0.689831754530900       0.379998398297520     
 -0.766103858538015      -0.413157051242207      -0.492327257971561     
  0.461424419439978      -0.842244660822074      -0.278767710578542     
  0.716682535675514       0.539077771636598      -0.442449205203308     
  0.522927956990454       4.368917960706962E-003  0.852365686987753     
  0.591656170904400      -0.805859906278144      -2.308217676380881E-002
 -0.436867783565454      -0.344545075336685       0.830924323114859     
 -0.677561447481572      -0.481537643922780      -0.555906451097626     
 -0.447884416090952      -0.631077713312162       0.633356510650677     
  9.294610346113955E-002 -0.737405599303687      -0.669024666187238     
  0.889247193795985      -0.240777702198943       0.388928690699824     
  0.700469271591278       0.297701240135461      -0.648626835074078     
  9.029621383751621E-002 -0.938509672320466      -0.333235935528474     
 -0.707947309708091       0.174852985627057      -0.684278481390590     
 -0.165577758965321       0.229625325384957      -0.959091348974566     
  0.864031721872233      -0.435056591494714      -0.253327743832874     
 -0.475429478823617      -0.870630789794852      -0.126367869835080     
  0.173330974204175      -0.980564136347055      -9.192577381470761E-002
  0.180610776530929      -6.010783174298365E-002  0.981716250229185     
 -0.968161205989218      -0.186764619436209       0.166681901070715     
  0.337898033040696       0.276241957866357      -0.899730681916185     
  0.262234044489641      -0.945734702877958      -0.191883239713458     
 -0.903912730952483      -0.171103046397680      -0.392001941749860     
  0.459113220810456      -0.829259473328605      -0.318659342200837     
  1.166041411759358E-002  0.364292199710301      -0.931211698795082     
  0.888301235628784       0.423815902397667       0.176920873995070     
  4.466282518110515E-002  0.263557500574765      -0.963609192534822     
 -0.843806865336495       0.526306428692981       0.104840436509212     
  0.534785196184202       0.808417582074474       0.245897960412295     
  2.158557128249711E-002 -0.377866372276918       0.925608485167863     
  0.717262790855225      -0.639104463372770      -0.277632083433504     
  0.696468342401073       0.669897372437921       0.257234053798535     
  0.427789105136108       0.536627415157347      -0.727342765708399     
  0.292268383580176      -0.843585469400670      -0.450491673369741     
 -0.855321970655824      -1.986386462022684E-002 -0.517715900273698     
 -0.421994347446489      -0.445817036098888       0.789409868855959     
  0.165181541611317      -0.893972388294443      -0.416567434250474     
  0.891423484677093      -4.539316348314251E-002  0.450892039932839     
 -0.482017470797628      -0.481188661655467       0.732199856419072     
 -0.530779416555680       0.825259203810915       0.192926041493292     
 -0.697088494243508      -0.295642890020719      -0.653194391260127     
  0.351262302846549       0.366341022698583      -0.861631620640235     
  0.628324830401233      -0.774504607718982      -7.314724959523733E-002
 -0.694134498566662      -0.515690670567497      -0.502235433028836     
  0.663748879961530      -0.726507240720153      -0.177833218300368     
 -0.450938917272979      -0.578384908789776       0.679797756816717     
 -0.596734042299257      -0.371023080771980      -0.711512723917243     
  0.271670509752310      -0.794518918931898      -0.543079019655754     
  0.321552899680350      -0.456935235593514       0.829345478784469     
 -0.907082613017203      -0.399937342508026       0.131344033855968     
  0.744413763151934      -0.664173922050175      -6.871062871595568E-002
  0.437276243957945       0.562681974117058      -0.701554333229978     
  0.504616325241370       0.492201175610398       0.709295683779096     
 -0.502771617801608      -0.625527328033107       0.596603940832560     
  0.463505618806579      -0.777656409601245      -0.424750573797011     
  0.729645970089728       6.297674562796360E-002  0.680919002409559     
  0.414125880592498       0.483251575212917      -0.771341474366423     
 -0.482700465980914       0.835045716562210       0.264005513944313     
  0.771686474655094       0.262995373163691       0.579079803247743     
 -0.603369069580324       0.768736749220348       0.212107463970072     
 -0.297879474747045      -0.463986358011923       0.834256841807820     
  0.739738862300939       0.440182314475339       0.508945916208176     
  0.243495732284006      -0.551043100938500       0.798161217591761     
  0.317205892511918       0.822918752042396       0.471365197371099     
 -0.916564373143190       0.138406027487536       0.375171322784564     
 -0.518065512656936      -0.508163790759601       0.688024480928059     
  0.392267256621395      -0.855961802848769      -0.336831992908373     
  0.760088497464816       9.538843653669089E-002  0.642780306323301     
  0.639157776699895      -0.756796545882105      -0.136880694858735     
  0.563942852023027       0.582209735353053      -0.585662260788802     
  0.522920449147106       0.297137699057277       0.798913882507201     
 -0.198648259491236       0.875452901103355       0.440591746348869     
 -0.399188542644836      -0.482844945807810       0.779428807351199     
  0.895090708488276      -2.104700114872252E-002  0.445387075834481     
  0.420435995085746       0.723355962130624      -0.547713178667720     
 -0.764912718916281       0.607254096595709       0.214827825497123     
  0.487998059910274       0.328631426095984       0.808615656109634     
 -6.353478646071115E-002 -0.300803470109840       0.951567445470444     
 -0.435233675073369       0.866392259663232       0.244818505178475     
 -0.898072925207798      -0.398599704924052      -0.185965846979579     
 -0.296886150529436      -0.516040290196703       0.803468127879009     
  0.270318629865514      -0.852404957380650      -0.447586446377137     
  0.915852854978122       8.431018637477188E-002  0.392562530690362     
 -0.349830889508458       0.883872014495210       0.310465152211841     
 -0.161410254738892       0.269580903659971      -0.949353920330555     
 -0.922802838319734      -0.382225585713649       4.835827969441236E-002
 -0.566432319671601       0.821384774237843       6.694385619072986E-002
  0.545910883141819       0.434832584717181      -0.716171718888353     
 -0.617361915652950      -0.369117428359088      -0.694706117133510     
 -0.267000820206383       0.841762060560757       0.469198460578941     
 -0.559865311432695      -0.531772870732660       0.635427766946901     
  0.784385998767872      -9.302820729899093E-002  0.613257170836964     
 -0.281107070598167      -0.361916502613712       0.888816775266793     
  0.242864391776012      -0.922843111459105      -0.298960664368612     
  0.928437236471570       0.131821988940714       0.347314354964942     
  0.594628362386211       0.678306565083688      -0.431644893877141     
  0.659146947943008      -0.718696602019529      -0.221360554894041     
 -0.460372036143809      -0.152890150140798      -0.874461085656111     
  0.192280629879980       0.361860991870977      -0.912186813067977     
 -0.557620293809202       0.805176078696028       0.201868992734974     
  0.807519515123328       0.469838381635478       0.356600796181138     
  0.395432275425484       0.427959567126474      -0.812701620803539     
  0.410561959766537      -0.873859776830144      -0.260399630627713     
 -0.821627770188384      -0.230693951683533      -0.521256278535148     
  0.682040809920022      -0.727485419548019      -7.473485096478312E-002
 -0.441543665084909      -0.491102016350034       0.750904788478901     
 -0.582974721087469      -0.479149010102300      -0.656168195427765     
  0.429543980396298       0.358170312072443      -0.828978887822398     
  0.417006615861905      -0.892917045567139      -0.169719274282462     
 -0.800997784786351      -0.272787788006580      -0.532906531656131     
 -5.765647068283306E-002 -0.518165115458101       0.853335013057974     
  0.658001995587090      -0.662549416502469      -0.357857016831548     
  0.750805637426631       0.540863368896829       0.379153941023506     
  5.891147404795959E-002  0.747763829250003      -0.661346122609673     
 -0.960063677812353       0.223953962104744       0.167697219425395     
  0.273508999433248       0.625055100389589       0.731094350071451     
 -0.440764008766250      -0.538497466678482       0.718155670420511     
 -0.560504745892661       0.790025954760907       0.248381602853151     
 -0.701114483096695      -0.293051990582972      -0.650045392574119     
  0.353573113893510       0.474459620017894      -0.806147704892901     
  4.496372736680153E-002  0.852198144646138       0.521283594104954     
  0.934325594401177      -0.220559269209488       0.279980878655818     
 -0.620659103341157       0.743077923377275       0.250234844154544     
 -0.202162224546073      -0.460012134210272       0.864591968124813     
  0.757570268956227       0.486028842939135       0.435733004746061     
  6.641533338602287E-003 -0.948679720581555      -0.316168748917918     
 -0.157580146493352      -0.313218218168505       0.936516334741964     
 -0.987483866939383       4.360201331174656E-002 -0.151573338582708     
  0.338775528535205       0.492789225465469      -0.801492308466418     
  0.784787116562259      -0.617889212177774      -4.818820553066344E-002
 -0.518980079524913      -0.612675852910382      -0.596060379757741     
  0.467275371488343       0.357033561064351      -0.808814418438658     
 -0.360569828693607       0.912252612070489       0.194382536269584     
  0.807244155033919       0.200803904455111       0.555008708147272     
 -0.623117474207417      -0.560389933835959       0.545607675342549     
  0.566789281634894      -0.804243361733079      -0.178724719420908     
  0.538956884695835       0.197878086617847       0.818761100245268     
  0.517759341175292      -0.827699790837657      -0.216421627553751     
 -0.780254229621356      -0.560602414807933       0.277359459311301     
 -0.350896853482077       2.525843935859569E-002 -0.936073399609995     
 -0.550879081211485      -0.289750424416905       0.782672938994131     
  0.330511145659465      -0.936866795584486      -0.114205910206328     
  0.766351499299387       0.195768482860215       0.611866064298475     
  0.322818926791689       0.475857464285688      -0.818136672071757     
  0.561962084056114      -0.791921085574067      -0.238871535153327     
 -0.761568484503164      -0.382649536660910      -0.523060967292419     
  0.468679138573289       0.559525720611280      -0.683572112538744     
  0.460372538463925      -0.815140480237450      -0.351572358564534     
 -0.753921077364686      -0.149923198514409      -0.639629614427541     
  0.272249285445917       0.449021897347567      -0.851034465974563     
  0.645038248699256      -0.741454175539252      -0.184854979079234     
 -0.714006991765012      -0.498623145549578      -0.491496667774160     
  0.344828294719268       0.689937600461237      -0.636458604019750     
  0.788795311359378      -0.580532827903032      -0.201949480079467     
 -0.508817652935213      -0.432397667889830      -0.744403689448689     
  0.605437996465712      -0.795661414852266       1.917668769348241E-002
  0.585392864720153       0.428856767604157      -0.688038564918312     
  0.539221685738161       0.427790586379948       0.725420697136584     
 -1.831705383040481E-002  0.457873737623252      -0.888828513231807     
  0.523954676842126      -0.752739379748445      -0.398566083342798     
 -0.851549166022968      -0.473006412822049      -0.226117118491780     
 -0.572074297951714       0.789696225932057       0.221609720842068     
 -0.515958593394051      -0.556518969257724       0.651209157459571     
  0.637587427358624       0.258198581725279       0.725820752575310     
 -0.485277721326059       0.856026102109082       0.178114698137380     
  0.480742186714545       0.431375686461710      -0.763414675679352     
 -0.730337239292609      -0.284840884771995      -0.620864870374246     
 -0.217560371363264       0.949540855676044       0.225919561380306     
 -0.387545055137465      -0.296473967879981       0.872875716587421     
  0.895810423611371       0.102349156182964       0.432490849819729     
 -0.262291160883982       0.759844943646150       0.594843684120062     
 -0.137538852302483      -0.639568902849533       0.756329744632033     
  0.955136854607470       0.116564489117385       0.272261471470523     
  0.305669967205673       0.555094412374248      -0.773586494517152     
  4.809988561440022E-002 -0.820438611031342      -0.569707720267856     
 -0.950921801281404       0.136933118271951      -0.277483421068600     
  0.413832195341642      -0.800697436804260      -0.433158780118590     
 -0.272083794606090      -0.562851926900478       0.780492227441839     
 -0.868742380001724      -0.205137327367693      -0.450783045498458     
  0.459980470135390       0.631869566809255      -0.623825951395355     
  9.481167379766937E-002 -0.733498193268469      -0.673046170023706     
 -0.882852600157987       0.250442111100093      -0.397303455034088     
 -0.517743244635101       0.784798596191195       0.340636310529459     
  0.179310824229358       0.488853348397192      -0.853738854729635     
 -0.836534255693740      -0.380937747115311      -0.393823401887019     
 -0.552518766195202       0.745584606985942       0.372594426726628     
 -0.621469837125916      -0.666399234718399       0.411931185405329     
  0.555426191806750      -3.956487374345223E-003  0.831556427227334     
  0.167743493364413       0.479393904063468      -0.861419529138203     
 -0.654239579665978       0.707780188622622       0.266491607732483     
  0.737450129047510       0.518872517425983       0.432363987662498     
 -0.418522955244380       0.844930715940753       0.333062488421236     
  0.538139777530863       0.526125188275053      -0.658481485010453     
 -0.731603796991617      -9.635544365740407E-002 -0.674886296130737     
  0.513763440432098       0.266674505517718      -0.815433526035187     
  0.256389842634476      -0.954753467692801      -0.150698588322619     
 -0.818725458178425      -0.131645448214142      -0.558890060830802     
  0.451868533733846      -0.858555696701801      -0.242274521735282     
 -0.724651547914445      -0.511655624178758       0.461615268758914     
 -0.520283540318519      -3.302480744753006E-002 -0.853354791259978     
 -0.342103165425119       0.863339114008622       0.370959564412201     
  0.125185028700032       0.433134832545343      -0.892593370704325     
 -0.931286278646529      -0.258920433837957      -0.256253929034628     
  0.101011928626484      -0.958989585909464      -0.264831199809196     
  0.153497732315814       0.278027863654506      -0.948229377949049     
  0.982972551218579       5.513148962972622E-002  0.175286857471230     
 -0.679217706369117      -0.543769541678102       0.492927979422816     
 -0.546392770976303       0.823051135824495       0.155054079736224     
 -0.490018619217078      -0.164016808166964      -0.856142651349183     
 -0.761703650794772       0.555769057093203       0.333059009101492     
 -0.153759179778879      -0.654404748726760       0.740346229461335     
  0.629416923032425       0.512713545775375       0.583917080567658     
  0.352166364689354       0.481859754030977      -0.802365271573152     
  0.425752217714918      -0.845928380942079      -0.321154516436389     
 -0.833494991401995      -0.228508975232715      -0.503060381610171     
 -0.554444884806754       0.817426134749746       0.156222226138664     
  0.488770042324404       0.471772962257671      -0.733848838527941     
 -0.673568641964316      -0.330521990661343      -0.661105512192482     
 -0.481518254879031       0.853477679517321       0.199288787401578     
  0.731670721573721       0.516632635703763      -0.444689413993147     
 -0.482491580662277      -6.831229970948624E-002 -0.873232674777153     
 -0.317874159101024      -0.321476593894327       0.891969068159825     
 -0.460945695440953       0.874502410857230       0.150912555009065     
 -0.828543954676174      -0.363178100913494      -0.426164970623724     
  0.471474939212606       0.388262702163166      -0.791810239769249     
 -0.302322620517489       0.914618329816110       0.268466653213807     
  0.828439747246581       0.112806847635045       0.548600219019993     
  0.139421657839940      -0.927295121299589      -0.347397984074697     
 -0.567655163752302      -0.362301881409054       0.739259739058489     
 -0.811374892630179       9.413344114329396E-002 -0.576896592872630     
 -0.292457937267209       0.887299575387854       0.356605970850104     
  0.107033629423234       0.400939818037831      -0.909830239376678     
 -0.950269518137900      -0.227918243737395      -0.212228926090984     
  0.660875528569689      -0.750175690809491      -2.190818696870184E-002
  0.581643536192727       0.530416150468930      -0.616724820423913     
  0.474272424396574       0.394835586339668       0.786873895371292     
  8.122524902232459E-002  0.459549998625822      -0.884429905466931     
 -0.514484377079664       0.779334269551453       0.357692496487766     
  0.853644120615937       0.425971706884177       0.299732914895903     
 -0.447193062997859      -0.533043073838215       0.718250266856683     
 -0.654834941714115       0.742111964322057       0.143042062066869     
 -0.609269696864186      -0.406367953760070      -0.680922552600555     
  0.111632655323607       0.856517931712707       0.503899973129559     
  0.365507871975437       0.436135764017596      -0.822307479516475     
 -0.924089901356687       0.275975774297929      -0.264377053110260     
 -2.934963285438018E-002 -0.277204259961028      -0.960362638439660     
  0.160808009964575      -0.949571291735791       0.269174935390541     
 -0.986549229883055      -0.146533819204518       7.244623417953239E-002
  0.271751291594931      -0.910319503506169      -0.312201276507225     
 -0.463345743757040      -0.408096278737225       0.786618172319378     
 -0.843482043234365      -6.910737165468378E-002 -0.532693358250579     
  0.807137297689331      -0.556706402642121      -0.196487566874011     
  4.607556986695751E-002  0.391211901727484      -0.919146500732183     
  0.588563016626400       0.732824146166200       0.341412281934608     
 -0.562846633990054       0.689698552824529       0.455543162431252     
  0.647508884443782       0.710466468049300      -0.275625910146322     
 -0.513746933005366       0.139833129155477      -0.846469600646209     
 -0.230690995651250       0.921295116955680       0.313044680515627     
  0.219603960124909      -0.264124745503922       0.939155056159430     
  0.947921813876747       0.285400466513683      -0.141388855610817     
 -0.322977525103281      -0.387379073621171       0.863494627428861     
 -0.429655047593042       0.872967008752837       0.230922371603520     
 -0.843256816370949      -0.296422089172757      -0.448388098297098     
 -0.670421413301464       0.741462717373165       2.771583180170656E-002
  0.134972416307060       0.158600726414936      -0.978073747943829     
 -0.729600969998742      -0.651980711621316      -0.206406337719199     
 -0.486626710733982       0.770623927684935       0.411501162185063     
 -0.488300086902588      -0.630517685703153       0.603332804633140     
  0.724401456052619       9.266180494103074E-002  0.683122478311104     
 -0.497432804692093       0.845500156654305       0.194139356941657     
 -0.668349843106946      -0.516189476174106       0.535590246276101     
  0.553054330093347       0.136667149617974       0.821859475932474     
  0.225480680688219       0.853555059015486      -0.469683110049249     
 -0.833564197981703       0.418575088329395       0.360507452451602     
  0.504310609128648       0.310223559161828       0.805873534037274     
  0.696290447534695       0.579275980699284      -0.423814760074275     
 -0.145769602595820       0.692289156650947       0.706743904496242     
  0.702802131208301      -0.430319720403807       0.566475156207696     
  0.716975951812993      -0.650602413973422      -0.250323757270123     
 -0.339814411229254      -0.639732215232559       0.689397460623892     
 -0.608663823832731      -0.409217780314800      -0.679756690170456     
 -0.720059739863978       0.646052441695475       0.253239439279275     
  0.209114800868252       0.550007158103496      -0.808556198475318     
 -0.661653210590628      -0.529252651022561      -0.531137138882883     
  0.447979329745375      -0.853986908083236      -0.264614589437957     
 -0.105140700576352      -0.344243650657989       0.932974673859902     
 -0.887840049335126      -0.390131605748965      -0.244002821689772     
  1.718490670172532E-002  0.450042397827699      -0.892841822015056     
 -0.522901057292824       0.765167834365906       0.375623041803696     
  0.852220137795160       0.460412885798465       0.248476983495441     
 -0.421068063868635       0.868334485541475       0.262100947745773     
 -0.235915146697563      -0.383867185542066       0.892742979486619     
  0.875811468952519       0.314071974367795       0.366487470138016     
  0.321607395590180       0.498513093638185      -0.805017626249874     
  0.580296932238224      -0.775581220144144      -0.248453700706369     
 -0.748213975769262      -0.387244711301514      -0.538718275197987     
 -0.427913057395712      -0.291531709131137       0.855511354618580     
 -7.850110898956091E-003 -0.945316171375314      -0.326060902125977     
  0.903785810393600      -0.146241576534978       0.402224576851494     
  0.331579706553646       0.316850550955571      -0.888628508748709     
  0.131016993664827      -0.948253372194702      -0.289223251991261     
 -0.934285526791897      -2.052487467736795E-002 -0.355934381518099     
 -0.526246836957504       0.843694499493820       0.106037060106693     
 -0.634791635954454      -0.472759472542752       0.611177601064785     
  0.565777204838177       0.254318840522706       0.784358388646859     
 -0.405959063442167       0.907008018376180       0.111953978984518     
  0.438273395103298       0.300715327894242      -0.847045879934547     
 -0.801943682532492      -0.294799501645892      -0.519595596474265     
  0.171687951854408       0.563054502659405      -0.808389061172302     
 -0.648804295707813       0.682112531525157       0.337306211338339     
  0.741334090042491       0.466574882919337       0.482422683514820     
  0.259177327589298      -0.943983317318912      -0.204261130632357     
  0.557674095455447       0.318936017367255      -0.766341581857517     
  0.788559900148128       8.470722194429885E-002  0.609096027264154     
 -0.517075279081169      -0.273138446083851       0.811189586369298     
 -0.160613741110579       0.961845579335408       0.221486585777511     
 -0.840735619520013      -1.576295606309020E-002 -0.541216359034559     
  0.304780344998334       0.370626759102755      -0.877350982640233     
  0.265237804222836      -0.917765564296942      -0.295559260050812     
 -0.914744690344671      -0.142625994922454      -0.378021133084633     
 -0.263979103132156      -0.231662362415193       0.936294602649032     
 -0.364636210920291       0.922656288820586       0.125482295107781     
 -0.892947628249052      -0.308282212493625      -0.328034465666095     
  0.496160322202744      -0.785244263411027      -0.370427295770293     
  5.140225616151432E-002  0.452464442457091      -0.890299801400345     
  0.866707991617312       0.422690637573475       0.264858230332067     
 -0.141365246812971       0.867244552711129       0.477391613653213     
  2.649472476562304E-002 -0.478747266978460       0.877552895226409     
  0.989602898416005       0.136703841034274       4.470081982886985E-002
 -0.376363724170804       0.874673800839530       0.305444085313815     
  0.332185035063333       0.435164767990348      -0.836830166270253     
 -0.864871926708463      -0.213488563686099      -0.454333779909658     
 -0.278557691198184       0.937692642796863       0.207697184186278     
  5.964958304337950E-002  0.232730463234715      -0.970710285680193     
 -0.958565355057842      -0.258009765565445      -0.120761835675821     
 -0.617999428870965       0.703815212222113       0.350315362152362     
 -0.276154821819766      -0.611535845303305       0.741459657901132     
  0.736080987596514       0.361480368697875       0.572290767656900     
 -0.321631081381814      -0.609377008432126       0.724715881627741     
  0.510358690756461      -0.756257592098704      -0.409400123549505     
  0.797550910135677       0.238189244062842       0.554236799350368     
  0.395129361789877      -0.879606285251914      -0.264887844939928     
