 -0.662168427199100      -0.209025725508265       0.719611853777030     
  0.731896870991600      -0.386483088362125       0.561211005454081     
  0.160810274091479       0.898297872916227       0.408902173216047     
 -0.898281335210517       0.373091629947344       0.232149259046081     
  0.386118730681537       0.417972770758226       0.822320551075778     
  0.209768845707101       0.828312379822930      -0.519514805181513     
 -0.278874506795659       0.959379180674197       4.266845612843796E-002
 -0.227325832977442      -2.278078170529607E-002 -0.973552259329723     
 -0.933033748114499      -0.281198548491635       0.224444650650462     
  0.584719740760486      -0.435927500423781      -0.684156443468352     
  0.797633430378395       0.155150222374185       0.582845879491342     
 -0.147931523036114      -0.886507542478639       0.438429745364865     
 -0.365720538114925       0.103764744514428      -0.924922356631509     
  0.224761894155610      -0.954506830326847      -0.195956122116604     
 -0.903178043874247      -0.279552479250767       0.325760391097870     
 -0.807688948346967       0.589511336428600      -1.072133108977913E-002
  0.586466267156232       0.801376311362700      -0.117700148999681     
 -6.079375137302206E-002 -0.101352808589003      -0.992991303076274     
 -0.818891712298140      -0.444771095496380      -0.362760301218821     
 -0.135022541703019       0.763592817908167      -0.631422934071230     
  0.557839830741295      -0.468086189766387      -0.685353953945338     
 -0.980622002236515       0.186485775410850       6.002952855938122E-002
  0.195884885492608       0.928489302777153       0.315494415582820     
  3.098445609614184E-003  0.321139642831293      -0.947026783906872     
  6.041215361537330E-002  0.835385097499471      -0.546335163220667     
 -0.331668125536150       0.533036431215977       0.778375499036211     
  0.941459837804507       0.134178619281667       0.309272488153694     
  7.674803444313973E-002 -0.294842902236130       0.952458609184720     
  0.501057333578343      -0.814482629830064      -0.292505716478266     
  0.862004227180166       0.499685609864922       8.522325749139843E-002
 -0.502765553170266      -0.805479474686565       0.313734942912090     
  0.637683500264285      -0.590631991676335      -0.494483168468994     
  0.583597936970383      -4.854550717730312E-002  0.810590390824375     
 -0.448349378671091      -0.799889289766042       0.398948566563190     
  0.248987962986607      -0.540416949639363      -0.803712955494850     
  0.858479952551617      -0.261010813301027       0.441458408467785     
  0.310250014757688      -0.338578511071207       0.888318366456339     
  0.933545603620058      -6.797554773079580E-002 -0.351954444313977     
  0.179548139239916       0.938479577162712       0.294989065804109     
 -0.529965669965170       0.263678109585209      -0.805984021667885     
 -0.351886844995294      -0.933121441474876      -7.389197371235302E-002
 -0.771564668046449       0.244454965147815       0.587307187966361     
 -0.174630759483909       0.814224248237789      -0.553663229250128     
  0.965371859780683       3.090332024967407E-002 -0.259040840681798     
 -0.193807301683036      -0.579727400058987      -0.791425847085618     
 -0.403275933743320       1.389022667517578E-002 -0.914972995703352     
 -0.360109849918536       0.916797346799452       0.172636962708264     
  0.841242781398511       0.399111120497033      -0.364720298640615     
  0.759486433378791      -0.469304994785050      -0.450481053301210     
  0.486407784408535      -5.013996506516848E-002  0.872292067584042     
 -0.431958128503613      -0.881611482328280       0.190192979488174     
 -7.278309054928017E-002 -0.752324708881520       0.654759615535680     
 -0.927069842010172       0.293107285470657       0.233729816752713     
 -0.367755529890890      -0.589996314912524      -0.718790803102204     
  6.469238507465619E-002  0.344440798695118      -0.936576441892290     
  0.763237543052173       0.587549965439809       0.268800094842547     
  0.642871175422444      -0.732219621634075      -0.224880140308157     
  0.824039060872795       0.166623980663255       0.541475830692204     
  8.152790203861167E-002 -0.980699843215444       0.177710491267078     
  0.560636091725340      -0.102294997850016      -0.821719481374150     
  0.642914510973631      -0.255993558547213      -0.721892117675399     
 -0.741030741720136      -0.446285317584738      -0.501699965252136     
 -0.193737893570777       0.857494439218485      -0.476622403275522     
  0.172488085239100       0.771070804795686       0.612941819785762     
  0.680415278548426       0.356676735843826      -0.640169317310398     
 -0.712237958247394       0.527476558815201      -0.463125869210583     
  2.146844647223883E-002  0.133193842165770       0.990857460089588     
 -0.981839309958494      -0.184049784713330       4.601354330199299E-002
  0.188495822835139      -0.973850644172964       0.126823687131415     
  0.761338952479944      -0.120946077922660      -0.636973347693502     
  0.528424520816129       0.685007480170576       0.501529937202759     
  0.375673428973871      -0.718426613054865       0.585433750664864     
  6.649263912884223E-002 -0.841181154829691       0.536649786826632     
  0.719997674207380       0.412805198158791       0.557848740707591     
 -0.690783669521541       0.349293763374713       0.633096982136138     
 -0.823575799293446      -0.306661030988564       0.477160261223830     
 -0.472226578849549       0.836717432428093      -0.277319304230684     
 -0.314205284879508      -0.453721225361974      -0.833913717724931     
 -0.737012504565583       0.329492951551564      -0.590124531765801     
 -0.150442333189255      -0.931191926526107      -0.332037197249300     
 -0.658923115771893      -0.155935854922579       0.735869782401088     
 -0.230539736558442       0.874187814321453      -0.427372314451282     
 -0.852589227559538      -0.393151464241001      -0.344272472345071     
 -0.468980851332968       0.285004546379594       0.835960148347974     
  0.373602334255165      -0.895876140275984       0.240472944680474     
 -5.254432819434389E-002 -0.279268481389376      -0.958774326354788     
  0.926099556966581       0.345564837022921      -0.151408566467109     
 -0.399754882264573       0.712061490617382       0.577204008722557     
 -0.911045577808857      -0.378008243995052      -0.164638156654837     
  0.100955382523977      -0.591674066570041       0.799831113228229     
  9.791866412307142E-002  0.994428124555698       3.904664273649099E-002
  0.657981830379271      -3.525393022871683E-002 -0.752208130303158     
 -0.746640372674220       9.934719671972030E-002 -0.657767655328867     
 -8.433320831288479E-002 -0.969448488354629       0.230342220191132     
 -0.461415767689012       0.242881804137588       0.853290055342748     
 -0.883166688289145      -3.432284437214940E-002 -0.467801820272848     
  0.477589732447379      -0.508978020921802      -0.716135058267201     
 -0.784804113860044       0.119275648411941      -0.608157728360220     
  0.394956390414427       0.852475626580864      -0.342483219671228     
 -0.249910104809564      -0.937528613075625       0.242043465473805     
 -0.663705729605878       0.347874522695030       0.662176729391810     
 -0.705010385740808       4.839020996134549E-003 -0.709180470595036     
  0.997910491950099       6.432424253036594E-002 -6.086203973485582E-003
  6.383360034011357E-002 -0.966938584459611       0.246890755904030     
  9.996075406421556E-003 -0.246763379994154      -0.969024206493486     
  0.474956872925267       0.689708394052369       0.546551278504364     
  0.265502715815282       0.479824490617014      -0.836227699911234     
 -0.839001952772317       0.542282942178551       4.477648787491525E-002
 -0.908628625309257       0.151906142598568      -0.388996844600870     
 -0.282518705133100       0.462371234058295       0.840473689751991     
  0.307534067248698       0.873577338165450      -0.377207412076222     
 -0.912367436264658       2.305425466891638E-002  0.408722598574530     
 -0.409092548244284      -1.444298287058432E-002 -0.912378587657996     
 -1.513103482430103E-002 -0.999629882300174       2.260863104402908E-002
 -6.122150894982921E-002 -0.792951485683579       0.606201177988060     
 -0.461071098015748       0.561124992414464       0.687424312533694     
 -0.885248761318794      -0.237416689051283      -0.399959930922421     
  0.380583644702023       0.856366738111204      -0.348987247964881     
 -0.582535445858770       0.515112344322079       0.628738202310895     
  0.718198122876585      -3.599003450663135E-002  0.694907313037330     
  0.662938487965151      -0.748520650266856      -1.514586737572590E-002
 -0.404495636730631      -0.375124411598778       0.834065318598341     
 -0.629996699229734      -0.546807563907774      -0.551457747259829     
  1.849657749090710E-003 -0.528182976477890       0.849128566310878     
  0.912069870283934       0.349060982336872       0.215139448568287     
 -0.410030645789385       0.774066646981366       0.482385422193256     
  0.256061922960274       0.386144187129298      -0.886185622968540     
  0.965069537263199      -4.954557494535828E-002  0.257266446024211     
  5.543536647737551E-002 -0.921106889969665      -0.385342727184426     
  0.813484736366174       0.331089769996573      -0.478144484338022     
  0.428845976258201      -0.896825280444880       0.108607297186300     
 -0.392853296214258      -0.293400716697453      -0.871540192472507     
  0.595723903572200      -0.722547722289925      -0.350767472446267     
  0.679539873785868       0.220594857787859       0.699688122417868     
 -0.428180558465453      -0.655181423524200       0.622413617798499     
  0.751261643787256       0.611053247604273      -0.249439113144551     
  0.324725796145488      -1.318280124032642E-002  0.945716326954937     
  0.574594726648051      -0.791479716950301      -0.208328485245112     
 -0.793247387222378       0.600593277327091      -0.100231222153447     
 -0.567532305146345      -0.788908250146643      -0.235649857767490     
 -0.220602958457375      -0.130044177417005       0.966655495323845     
  0.431294459776004       0.418814114638642      -0.799111898513578     
  0.635108145694249       0.488152343536598       0.598619188443321     
  0.640798511420975      -0.765703615558381      -5.545485444471871E-002
  0.404876259510264      -0.900004210146406       0.161454749709386     
 -0.861668828203608      -0.316463873509878       0.396708264679909     
 -0.305944512922192      -0.299738283310403      -0.903634282511977     
  0.450580805637063      -0.413042917017571      -0.791436975566009     
 -0.878807213062560      -4.922783521379107E-002 -0.474630911877197     
  0.157082207333203       0.909380101465707      -0.385166212429841     
  0.760523753847371       0.437822623044583      -0.479494494842500     
 -0.648571167080773       0.477008088291201      -0.593143089765242     
 -3.096871107081118E-002  0.762085713325696       0.646735111525173     
 -0.320358757919501      -5.748521278930386E-002  0.945550483334889     
 -0.873852946383487      -0.367422658918645      -0.318404801801185     
  0.365720240513392      -0.928275842637156       6.747344407324250E-002
 -0.392813103019784       0.365726744888182       0.843766445273491     
 -0.914081460549785      -0.255810590667625      -0.314668119105595     
  0.100761845830358      -0.894877024945761       0.434789789034981     
  0.332042480302600       0.294079800230083       0.896250446232040     
 -9.750534462326833E-002  0.955769077740675      -0.277485455122675     
 -0.938211329629096       4.747750138215705E-003  0.346030287437718     
 -0.844512372943696      -0.240276320971274      -0.478608547275868     
  4.572897856870314E-002  0.858081661582092      -0.511473090763903     
  0.533580090018425      -0.453831633579046      -0.713672989469900     
 -0.634357019005968       0.764868593187224       0.112103557453181     
 -0.468180062385853      -0.264731731777998      -0.843044802708729     
 -0.615141123338572      -0.587276038456890       0.526030657882353     
  0.158354475147406      -0.280030450373557      -0.946840433792502     
 -0.539713023692711       0.778455567414261      -0.320494589062299     
  0.826821451256110       0.561773865915213      -2.786415829368287E-002
  0.851667591875316       0.480019405413464       0.210341825074816     
 -0.329523404871476       0.802564842319982      -0.497296691637711     
 -0.407525015908483       0.354218921429117       0.841696095458678     
  0.905969636651962      -0.398357626196536       0.143283701500808     
 -0.135918920676379      -0.594244396460607      -0.792716622934916     
  0.400930248879877       0.698702224789810      -0.592511718539718     
 -0.699209456226104      -0.693177849192390      -0.174958868632057     
  0.250948900927468      -8.818268865280501E-003 -0.967960168218463     
  0.669425713165615      -0.720712638659287       0.180118036380245     
 -0.701318370890839      -3.736892304641368E-002  0.711868039907236     
 -0.711837686626184       8.986614433586536E-002 -0.696571018634058     
 -3.794272723069518E-002 -0.995252550708893      -8.962538567694110E-002
 -0.523934963953841       0.522397908826115       0.672750011817755     
 -0.838498127298209      -0.455161880315899      -0.299580628920984     
  0.149709866288379      -0.721060391064020       0.676504891611671     
  9.808433630822547E-002  0.505422339283093       0.857279255508134     
  0.852967009051123       0.401071718017656      -0.334049036036248     
 -0.512666309056248       0.763995900486365      -0.391769727772161     
  0.834151273081798       0.533689485805747      -0.139166038804059     
 -0.143755799406270       0.453986282851387       0.879335388301781     
  0.532471523889382      -0.713492808459327       0.455414194468884     
 -0.357555809556999       0.399093064839082      -0.844321365742563     
 -0.803269292037603       0.329724114486975       0.496024649382658     
  0.476353112219756       0.855573920782493       0.202684430964552     
  0.707947919517908       0.692305888627047       0.139722223796291     
 -0.351956757090067       0.517340689765558      -0.780054518512354     
 -0.612320328250589       0.503061792710609       0.609912000477019     
 -0.893584392494023       2.404251769992607E-002 -0.448250923963060     
  0.337930303091733      -0.621270462868181      -0.706983820338122     
 -0.295482730025661      -0.783227278195930       0.547032893843119     
 -0.136311312231363      -0.981499738507377       0.134452554708766     
  0.725148306507638      -6.384970728218017E-003  0.688563116727802     
 -0.674966043388013       0.191356984347971       0.712603216954836     
 -5.894154887846653E-002  0.879605924494836       0.472037404671909     
 -0.393039866121132      -0.455114273194568       0.798993530620907     
  0.917630403515102      -0.138435602097743       0.372545334981591     
 -0.350295952204758       0.449031973391429       0.821987246093978     
  0.869828383987054       0.481461443192575       0.107672935918893     
 -0.347406574893787       0.752705231542284      -0.559234750466604     
 -0.780741706937514       0.323268628659622       0.534733373535656     
  0.323908042203745      -0.522437833394102       0.788759970101307     
  0.534346298989741       0.789022245543815       0.303179697197820     
  0.798838226750808      -0.490079448537531      -0.348826062103700     
  0.220077761036770      -0.301578329512920       0.927694071483287     
 -0.559842180063870      -0.817846345770002      -0.133056710210297     
  0.845450346812976      -0.302855989442570       0.439877210972085     
 -5.406486937142238E-003  0.818760888392256       0.574109203495399     
 -0.534026666911698      -0.487759015598774       0.690584290097377     
 -0.712068848716608      -9.553983965528295E-002 -0.695578962969732     
 -0.616527145022907       0.559098694903185       0.554349103731086     
  0.335934865914971       0.823578040258601      -0.457019668577287     
  0.217242206331800      -0.969230213260043      -0.115752397348750     
  0.166315705718455      -8.009686211805994E-002  0.982814111981616     
 -0.961844535161199      -0.232760147754576       0.143797787875211     
  0.481369163406940       0.452640251769176       0.750600113908357     
 -0.173324147554519      -0.790278765432906       0.587722904760689     
  0.859210374934685      -0.413008807877241      -0.301962342387952     
 -0.181004491271316      -0.361091869838964       0.914795078515299     
 -0.522201063721477      -0.752920541339552      -0.400520545636694     
  0.833392718463373      -0.550202980694541      -5.228055897819492E-002
 -0.739274565218251      -0.368203138902043      -0.563825829245210     
  0.600144373884123      -0.740026142928945      -0.303624831456423     
 -0.305450237709188      -0.562839014536475       0.768057547322471     
 -0.605628214119562      -0.121713607510069      -0.786384297916251     
  0.295914306709520      -0.951809744558726      -8.057873942720026E-002
 -0.738680708660362      -0.281503122380441       0.612459633562154     
 -0.950232911137623       0.166443876704800       0.263351192323854     
 -0.281772099892023      -9.856367525088683E-002 -0.954405409479367     
 -0.132898074904636      -0.981112449125234       0.140557688719354     
 -7.921092910478046E-002  0.730247619084744      -0.678575009509943     
 -0.988729813951671      -0.144302787727458      -3.987556215502309E-002
 -0.127039299877843       0.667768762578145       0.733447950444612     
 -0.729979964297704       0.152258556197570      -0.666293166547995     
 -0.163464028293027      -0.985471272995106      -4.610728310823873E-002
 -0.663633003382245       7.525757215083589E-002  0.744263081615515     
  8.179368152282417E-002 -0.306356702228240      -0.948396206583926     
  0.988754980106033      -9.458948773088824E-002  0.115829262823893     
 -0.125193382326947      -0.947205574207967       0.295174892582166     
 -0.553176292720921      -0.663064486008950       0.504322790051396     
 -0.742081494174757       0.117105206147858      -0.660001080829742     
  0.378564453131693      -0.739345560672920      -0.556827708306931     
  0.933888238275249      -0.288537141472295      -0.211184934126819     
 -3.387095850368840E-003  0.583454520565520      -0.812138750469007     
  0.357548998030832       0.759162130524604       0.543904011370106     
 -6.916776473744141E-003  0.543500946846484      -0.839380056339313     
 -0.949400736670294       0.260001232769173       0.176174913561535     
  0.313991081741371       0.798126606332282       0.514201828907091     
  2.649895849353145E-002  0.999508071256520      -1.677559810644606E-002
 -0.804434929032952       3.128363818783231E-002  0.593216468865694     
  0.593449450375100      -2.224741513907114E-003  0.804868188198967     
 -0.868731236543999      -0.474903301108617       0.140616120160074     
 -0.259906400725477       0.195440507682481      -0.945648809452400     
  0.421609655385953      -0.858061689246730      -0.293215681593577     
 -0.541707177563625       6.084493719533293E-002  0.838362229226572     
 -0.122854826584352      -0.992397372965912      -7.358377218215901E-003
  0.831540753878594      -0.106982932040829       0.545063874138589     
  0.677569878208958      -0.498341179715491      -0.540883655459907     
  3.983230441519555E-002  0.759223703431822      -0.649609694872424     
  0.734378953721356       0.418611319420584       0.534277189840708     
 -0.730821522667065      -8.469199784548627E-002 -0.677294003743967     
 -0.178004628679458      -0.934288452589148       0.308900371523351     
 -0.658949356305385       0.346312507512386       0.667722541902850     
 -0.924954412572386       0.357805618954326      -0.128197011305194     
 -0.308525404815647      -0.509843001359030       0.803039344334110     
  0.221971640635045       0.782326819820162       0.581973657259380     
  0.655171647659384      -0.178255434888881      -0.734149243707207     
 -0.382361000533792       0.759874162352029      -0.525729324520329     
  0.651575150979598       0.625152987133853       0.429690080527274     
  1.320024303406410E-002 -0.490523321221195      -0.871328081104913     
  0.296852967834112       0.834039357589391      -0.465034047656680     
  0.954831958551828      -0.252517764385013       0.156622825916512     
 -0.747648472270545      -0.226513184551321       0.624270405462200     
 -0.414378651331618      -0.575461343565042      -0.705077708754791     
  0.518952883441368      -0.785834600464204       0.336380566443952     
  0.560826018254042      -0.537296320898486      -0.629910184707525     
  0.214080116901301       0.829056227968516      -0.516561201034438     
  0.799777394527279       0.154849715581163       0.579980762428885     
 -3.415573737205597E-002 -0.130647239094330       0.990840393061163     
  0.602926747947406       0.787993077229944       0.124684589453743     
 -0.797065067741735       0.601662870015021       5.185623039858746E-002
  0.217877527393325      -0.821382173894056       0.527124944833809     
 -0.822824404655741      -0.445052674828238      -0.353395126920499     
  0.524870824260499      -0.356734412465781      -0.772820274580577     
  0.657278168291159       0.195033591476486       0.727974798797048     
  0.714715140616537      -0.467753791048167      -0.519989094821759     
  0.239097631233151       0.862072090463351      -0.446837815748449     
 -0.660094410075688      -0.709940675493528      -0.245478323007597     
 -0.584787809357336       0.690775036322248      -0.425268229733948     
  0.471485511775154      -0.137164450473837      -0.871141392491673     
  0.394089500201423      -0.918205963555116       3.989077992235884E-002
  0.907000468767809       0.395558374443454       0.144512013558135     
 -0.148470924715808      -2.076971110713387E-002  0.988698641454796     
 -0.240405474794471       0.388890194982593       0.889364730543800     
 -0.564072617207748      -0.801622727760837       0.198048188211042     
  0.789953979802144      -0.454054422491044       0.412076802563646     
  0.430253485093531      -0.876142427624983      -0.217385337776660     
 -0.371770264006360      -0.391424406184728       0.841768260891069     
 -0.822598814347257      -0.281356323473163      -0.494135416536958     
 -9.972443462027425E-002 -0.768102937506134      -0.632513173407570     
 -0.640612583356110       0.535971114930406      -0.549864057750704     
  0.761360988746782       0.350361015746196      -0.545505823488454     
  0.210646581766131       0.919670355242008      -0.331412817011177     
 -0.938927354524584       9.597207313704580E-002 -0.330461471435390     
 -0.272109243716031       0.380783138895116       0.883719842833391     
  0.744054711544076       0.128390854638940       0.655666359266773     
 -0.617926453757365       0.505424890801776       0.602256239075080     
 -0.254065904788324      -0.853265180470348       0.455399876834629     
 -0.679186018390388      -0.706617997924722       0.198487675768218     
  0.688723902939374      -0.520095480295518       0.505133721796645     
 -0.253704036118796       0.479782968002234       0.839906283862670     
  0.679298763370114       0.500147672890349      -0.537033979731452     
  8.086934177808582E-002  0.676317957581289       0.732157202937630     
  0.729392445562890      -0.540783067001402       0.418975339131487     
 -0.184569678095541       0.566069572730319       0.803429693723491     
 -0.968871756977601       3.243542742637878E-002 -0.245429137591292     
 -0.164989552574839      -0.823719115886345       0.542462225103805     
 -0.644592577939748      -0.540678633294748       0.540524767206382     
  0.144829700493210      -0.780561229284838      -0.608069506875973     
  0.750682866675427      -0.313673050860073       0.581450299547689     
 -0.100483550904697       0.283276787373034       0.953759570192193     
  0.962997186126035       0.268638998944848       2.166812772825654E-002
 -0.250078938559250       0.920645072751451      -0.299788549660516     
 -0.269306173768168       0.691702364675965      -0.670091056105084     
  0.862445288831747      -0.136410364156058      -0.487422133599549     
 -0.428558407387224      -0.709182664235731      -0.559819292455375     
  0.161193567111819       0.956934399983130       0.241439822835204     
  0.937547388186503      -7.206557306611482E-002 -0.340310810999769     
 -0.308255622538236       0.281217188855126      -0.908787854158486     
  8.313760356513335E-002  6.416406483535772E-002 -0.994470266854294     
  0.917735164146240       0.384005390037235       0.101498910889849     
  0.388394525402871      -0.921098709805933      -2.696033069017693E-002
  0.342923200650279       0.850706169380134      -0.398375064272789     
 -0.793975294290728       0.489129165000965       0.361048323637448     
  0.502002898907687       0.192488112162904       0.843173419982058     
 -0.923242033650204      -0.238414274856889       0.301301810226722     
 -0.287312849331523      -9.226249195614061E-002 -0.953382902713828     
  0.255098949253886      -0.966771051553835       1.668112607278127E-002
  0.706170972624762      -0.288067649055978       0.646791764781803     
 -0.473023643267687      -0.871668827737157       0.128226704165300     
  0.526850254182306      -0.396497773409503      -0.751810032753851     
  0.867148418216450      -0.389132482014352      -0.310852910917782     
  0.142797556608041       0.792188825588837      -0.593334410294020     
  0.477139894173063       0.470119959216294       0.742512454666579     
  0.316093794020292       0.367007696668071       0.874865740538658     
 -0.484363888362408      -0.730482786173306       0.481442128147230     
  0.815767330206540      -0.575934240769623      -5.313580033095596E-002
 -0.962166789248963      -4.075883702231445E-003  0.272430645923670     
  0.184172002676038       0.727129216916803       0.661334843582473     
 -0.200787806145293       0.686488520718302      -0.698868920345838     
 -0.601988980438002      -0.778041309266521       0.179613441885767     
  0.747575437741386      -0.628197259155229      -0.215636658468900     
  0.280606899981076       4.463705265238559E-003  0.959812399908605     
  0.284990029639902       0.955269215088742      -7.900259305608880E-002
 -0.958222527126219       0.286018223272498       1.778894006338960E-003
  2.429550398098416E-002  7.519509731213692E-002  0.996872823296196     
 -2.482716841746146E-003 -0.966411302692211       0.256988385235261     
 -0.919066023001096      -9.907350939454315E-002 -0.381447355609131     
  0.394095777041613      -0.237136318949655      -0.887949821078294     
 -0.589061364987003       0.498202497367523       0.636239718892504     
 -0.807852429333200      -0.382084074949745      -0.448760751503788     
  1.952333731961433E-002 -0.778335423378996       0.627545064527914     
  0.137254968591339      -2.095907594496165E-002  0.990313985931999     
 -0.972915936815583      -0.190586752292810       0.130810052139486     
  0.185999068511771      -0.981446588962442      -4.655039770765620E-002
 -0.161344208757486      -0.769558177941933      -0.617857796797218     
  0.880990041066722      -0.394463238599763       0.261257154800865     
 -0.444774767541592      -0.502174236850197       0.741617449904090     
  0.940387934976551       0.324893618870773       0.100571706595799     
 -0.306829092745082       0.938009425081609      -0.161227250498477     
 -0.146718913558436       0.120757835667597       0.981779560557822     
  0.501981356791859       0.864864031123229       4.992504650294535E-003
 -0.610640495114298       0.358501917025126      -0.706112286549296     
 -0.612480941058551       0.351406578137901       0.708082278892391     
 -0.943665953239131      -4.662287246481392E-002 -0.327598651493580     
 -0.265318188853635       0.698228011622471       0.664893903152343     
  0.197739291393261       0.714355619806312      -0.671263898247501     
 -0.690246384655481      -0.410851957482857      -0.595617828395476     
 -1.180502328071711E-002 -0.816656622250653       0.577003121966854     
 -0.723478106023520       0.405305601203165       0.558844164090457     
  0.185362460978916       0.814333844500604      -0.550001043417835     
 -0.961663121117892       0.265436012580025       6.890402533533758E-002
  0.202100963732575       0.516143500323780       0.832316699058646     
 -0.459899134167714       0.246610944948987      -0.853039171564327     
 -0.844978704444618      -0.416838970163342       0.335046656434979     
 -0.272953797238436       0.874887601229171       0.400084878230341     
  0.592363488032922      -0.310450897449544      -0.743455269883967     
 -0.236944649355255      -0.949098276358369       0.207532394954353     
 -0.770040733459851       5.322313487898668E-002 -0.635770844507884     
 -0.692327383500378       0.180489300118309       0.698646124012954     
  9.072577365312481E-002  0.982302073474953      -0.163864182913322     
 -0.715857267931648      -5.006245089497535E-002 -0.696449655725255     
  0.845616176784837       0.101811404854357      -0.523992098605865     
  0.376020646689381      -0.810355571013312       0.449368803758104     
 -0.378869047063885      -0.577025377578207      -0.723532970090260     
 -0.196573312446703      -0.852145911242623       0.484980699395564     
 -0.976908130924384       0.127982695763819      -0.171087501936444     
  8.372237793778883E-002 -0.507412825554799      -0.857626251869039     
 -0.382061445312188       0.780776761065624      -0.494385175127486     
  0.780472303799586      -1.385865973082958E-002 -0.625036735362196     
 -0.494865673701186      -0.624656375081803      -0.604079777895216     
  0.770433891512914       0.595026380930888       0.228856340975199     
 -0.218135385687806      -9.126888396177189E-002  0.971641366107477     
  0.599039708466058      -0.798507105050833       5.947966765407035E-002
 -0.859307324614672      -6.420275393082149E-002  0.507413961427228     
 -0.363135766049368       0.775218373855625      -0.516883824715360     
 -0.360171261040235      -0.628422214139776      -0.689465143061162     
 -0.638579369081784      -0.269718757687834       0.720741410725402     
 -0.730005066466516       0.508697625881129      -0.456420122645924     
 -0.243534376046440      -0.817605355397232      -0.521739868621746     
  0.834761312567350      -1.979397653362869E-002  0.550256076326124     
  0.205100390514896       0.938612373681689      -0.277381761805391     
 -0.510986673849204       0.344405299704595       0.787577049363372     
  0.335553648531844      -0.900206672953826      -0.277545842927565     
 -0.850234775814872      -0.416269008932502       0.322212566789981     
 -0.405591635702715       0.127859525150679      -0.905067603483983     
  0.311100515958327      -0.930702481488588       0.192378169035490     
  5.700562030631336E-002 -0.183784370199201      -0.981312215619461     
  0.948665814828360       0.316253373454684      -4.120140116165511E-003
  0.656301587009663       0.537274923818285      -0.529720570796203     
 -0.723636668153217       0.249486554031063      -0.643511019223305     
 -0.213584174022116       0.805662532077645       0.552530257102295     
 -0.937444412988931       0.269444535107507       0.220448667622504     
  0.282075894989647       0.959001729258940       2.736553935430073E-002
 -0.204037158433525       8.783692719501111E-002 -0.975014621531037     
 -0.607590269949485       0.757600605675185       0.238485609929205     
 -0.404806800477800      -3.704314933086484E-002 -0.913651607219392     
 -0.683348752943647      -0.651666423385649       0.329188934325135     
 -0.635277655959437       0.301926553352628       0.710818300425141     
 -0.344016873327477      -0.934682725291888       8.955776854587436E-002
  0.691429454611726      -0.187639439941428       0.697650879648122     
 -0.168660139395364      -6.419777782085238E-002 -0.983581416407407     
 -0.985560122711554      -4.202059488727093E-003  0.169273705036663     
 -1.500006333060654E-002  0.997928348138742      -6.256204984781201E-002
  0.859844079489554      -0.507631793356382      -5.457216635378940E-002
 -0.476947076783840      -0.836779725844861       0.268925968181485     
 -0.182180253908352      -0.205206366345644      -0.961613593028460     
 -2.406890649117952E-002 -0.218498137047227       0.975540492161761     
 -0.411011579702535       0.891700169636138       0.189579241535854     
 -0.911312333445974      -0.396395473709998      -0.111267512470983     
 -0.108271699799029       0.208277989175770       0.972058392406303     
 -0.591135726488113       0.772666404274186      -0.231398315843853     
 -0.799272038727741      -0.599672332971013       3.946265547453227E-002
  8.429355621091711E-002  0.331946744114512      -0.939524324034823     
 -0.613044066172491       0.760590901061055       0.213725183714580     
  0.785539031055756       0.557954156087136       0.267610893636782     
  5.058559775227016E-002  0.932101974148370       0.358646074966334     
 -0.975302090527485      -3.120395733113907E-002  0.218659884888826     
  0.215004487192160      -0.360849307655686       0.907502533137869     
  0.139400246514467       0.110298317543590       0.984074109210663     
  0.175877509580700      -0.980734634673356       8.500986987291005E-002
  0.974492007609809       0.161226106754371      -0.156113643239250     
 -0.223427906155884      -6.986386273303524E-002 -0.972213459809530     
 -0.532686933436213       0.844055563647905       6.176436206536780E-002
  0.816287082892484       0.531685288642668      -0.225801134062345     
  0.704810197240670      -5.315974143847112E-002 -0.707401320154099     
 -0.599391168733013      -0.577996176093097      -0.553760460187101     
 -0.379437495129883       0.814306123218997      -0.439241078426879     
  0.926715542434537       9.733735353402867E-002 -0.362937657204723     
 -0.125305228610364       0.990632795948794      -5.427027983694626E-002
  0.354255420696940       9.577109792451748E-002  0.930231688188038     
 -7.915090807543626E-002  3.886932537830783E-002 -0.996104567450360     
 -0.968642537521290      -0.239074248530608       6.763976784289959E-002
 -0.235513838776303       0.970223004898441       5.657342583483495E-002
 -2.251246945035160E-002 -0.826876526086913      -0.561932735588242     
 -0.964368237033961      -0.130242003680896       0.230284441239950     
 -0.263604044201255       0.547094352999210      -0.794481388578184     
  0.482745602048490      -5.581756137609142E-002  0.873980024682983     
  0.810512893280791       0.406463430738965      -0.421730161711861     
 -0.331700970044470       0.911960459293020       0.241459286749591     
  0.347338497682564       0.872406776848331      -0.343892982971049     
  0.689109999275763      -0.486181897216197      -0.537358885399152     
 -0.635990076122087      -5.033466527520102E-002 -0.770053923141656     
  0.194053730957717       0.701790868771513      -0.685443452088000     
 -0.976621447673851       7.233102245684397E-002 -0.202432139577143     
 -9.248620137524571E-002  0.708701488427442       0.699420118995662     
  0.900441746479895      -1.489392717512158E-002  0.434721557010391     
  0.434936269054645       4.444187983336014E-002 -0.899363864727566     
 -5.924783292438788E-003  0.998900941159923       4.649523301111941E-002
  0.135849260474518      -0.756521836147767      -0.639702813703471     
  0.151255320981183       0.653956559203487      -0.741257476555627     
  0.979115318184434       3.940825592005006E-003  0.203267468106058     
  0.916744743777183       0.366581741820996      -0.158735318440451     
  0.398394516352913      -0.868175465811943       0.295893849044119     
 -2.934082645113413E-002 -0.334498411245405      -0.941939450695991     
 -0.703707586243586      -1.613903801740569E-002  0.710306387775795     
 -0.560746564805528      -0.601311046426616      -0.569199714954363     
  0.436301413156118      -0.798852024405772       0.414097234934953     
  0.352588456133801      -0.797043557620779       0.490309033015297     
  0.909375775600666       0.415426355793861       2.136917552267636E-002
 -0.220719458480373       0.438340632575905       0.871286640825559     
 -4.641687979760354E-002  0.723030253215449       0.689255196719661     
  0.795292129003753       0.444265909747227      -0.412478158186765     
 -0.604446774178283       0.529013283738388      -0.595641706744747     
  0.267869513328973       0.478012194846041      -0.836510768255478     
 -0.419602934534995       0.839453554620895       0.345327535774320     
  0.867282711206974       0.258499654183161       0.425439334839488     
  0.694854485203334      -0.291803769844769      -0.657288220111384     
  0.137914920030789      -0.842944416717022       0.520023254440126     
 -0.705802181369334      -0.451990343071597      -0.545479615150107     
  0.595286922958170      -0.799186258975945      -8.327546348730876E-002
  0.668666042288282       0.550185852970659      -0.500181218241422     
  0.445554938526685       0.242067863738625       0.861907156310643     
 -0.692842055120985       0.571774734513464       0.439367203632437     
  0.607301846526142       0.134166746686506       0.783060502955868     
  0.388785742873460       0.809365762221022      -0.440196216570196     
 -0.881941375041376       0.221474321839026      -0.416087173265494     
 -0.133836896648893       0.728746224417366       0.671577713665982     
  0.451959175242101       0.647979988242984      -0.613070011296510     
  0.963198190903468       0.200909086645129      -0.178563109134295     
 -5.180944328227161E-002 -0.513090870839992      -0.856769245390752     
 -0.263751827722704       0.834489842457102      -0.483799210632732     
  0.968540284012186       0.144375939999445      -0.202695106489702     
  0.218399726707791      -0.102684018667917       0.970441936276545     
  0.119294918666124      -0.984180664440978      -0.130985274443196     
 -0.554180431077829      -0.720904253630520      -0.416150341712962     
  0.343938446407293       0.256957858290852      -0.903149491582382     
  0.758017410679550      -0.643637876573467       0.105545672325630     
  8.340086457395657E-002  0.488362345223897      -0.868646369678554     
 -0.666786354032012       0.675145504184355       0.315554284167319     
  0.740567521475937       0.552884045661536       0.381941066380560     
  0.745858143380174      -0.613485437279119      -0.259482654911516     
  0.575651440642355       0.397657149773230       0.714488775363625     
 -0.335143325817272      -0.682278835580204       0.649749599214542     
 -0.122262170147489       0.735481400515457      -0.666422592089021     
 -0.875598223760893      -0.396082516815586      -0.276489403811070     
 -0.467311151480035       0.549714243374549       0.692412115963860     
  0.393304726806834       0.912441596178549      -0.112967807071503     
 -0.653224590305876       0.363784651039261       0.664046957893765     
  0.647000020472273      -0.187379457869281       0.739107510635288     
  0.999949707306119      -1.423570930175213E-004  1.002809019032628E-002
  7.529817210134099E-003 -0.649810053375276      -0.760059337410707     
  6.624553659622612E-003  0.760096621665219      -0.649776300754291     
  0.118125086596045       0.992516067348250       3.095674356649324E-002
 -0.987502992716024       0.120689581569465      -0.101350206104790     
 -0.104327864415854      -1.859787504399925E-002  0.994369054099269     
 -0.533456937994065      -0.646163695511529      -0.545798656932097     
